1.370370e+01 -8.216463e+00
1.337767e+01 1.013780e+01
1.483950e+01 1.041905e+01
1.349589e+01 -5.513287e+00
1.199027e+01 -8.708775e+00
1.498900e+01 -1.095310e+01
1.289703e+01 -8.311857e+00
1.171821e+01 1.009416e+01
1.294749e+01 -6.164563e+00
-3.273464e+00 -1.597986e+00
1.230230e+01 -1.058754e+01
1.348226e+01 -1.205250e+01
1.231722e+01 -1.207892e+01
-4.699513e+00 1.226758e+00
-6.100115e+00 2.137011e-01
1.354898e+01 -1.028348e+01
1.326218e+01 -6.781582e+00
1.469832e+01 -7.570387e+00
1.296247e+01 -4.494361e+00
1.366182e+01 9.813423e+00
1.368841e+01 1.004558e+01
1.188757e+01 8.360439e+00
-7.744575e+00 -4.569379e-02
1.074291e+01 -6.813781e+00
1.155791e+01 1.016026e+01
-9.044733e+00 -6.742316e-01
1.336013e+01 -9.638538e+00
-1.255455e+01 -4.554325e-01
1.221010e+01 -1.015788e+01
1.220784e+01 1.031160e+01
1.280501e+01 -1.008083e+01
-6.120561e+00 1.918350e+00
1.157296e+01 -7.429012e+00
1.162925e+01 1.073523e+01
1.098247e+01 9.433774e+00
1.035364e+01 1.007549e+01
1.402437e+01 9.866334e+00
1.161470e+01 1.137571e+01
1.364647e+01 9.467196e+00
1.350176e+01 8.308481e+00
1.333313e+01 -7.638233e+00
1.282483e+01 -7.365440e+00
1.419050e+01 1.069667e+01
1.421693e+01 -7.705559e+00
1.418932e+01 -9.788248e+00
-4.831390e+00 4.199821e-01
-7.268113e+00 2.455655e+00
-8.595844e+00 2.034832e+00
-7.563604e+00 4.169218e-01
1.290074e+01 1.112070e+01
1.353993e+01 9.363334e+00
1.382537e+01 -7.730007e+00
1.379388e+01 -7.462877e+00
1.262809e+01 -7.267042e+00
1.192208e+01 -9.386338e+00
1.371035e+01 9.407237e+00
1.307852e+01 1.064607e+01
-1.216987e+01 5.226865e-01
1.187396e+01 1.187268e+01
-7.207332e+00 -4.318574e+00
1.443241e+01 8.943701e+00
1.302405e+01 9.764689e+00
1.444912e+01 8.897078e+00
1.330828e+01 -6.966299e+00
-4.187080e+00 -3.487033e+00
1.467790e+01 -8.788266e+00
1.074566e+01 1.172448e+01
1.296321e+01 -1.035153e+01
1.146103e+01 1.075960e+01
1.138388e+01 9.077349e+00
1.354299e+01 -5.944004e+00
1.123418e+01 8.682849e+00
1.261219e+01 1.055946e+01
1.441600e+01 -6.559702e+00
1.264579e+01 -6.693050e+00
-8.213058e+00 5.537674e+00
1.272428e+01 1.232874e+01
1.353496e+01 1.004443e+01
1.368492e+01 -4.941852e+00
1.291297e+01 1.000824e+01
-9.207495e+00 -4.341674e-01
1.343251e+01 -1.138416e+01
1.327393e+01 1.088387e+01
1.433338e+01 9.351379e+00
1.384452e+01 -7.553953e+00
-8.998378e+00 -1.295081e+00
-9.133121e+00 -1.474319e+00
1.224479e+01 1.057085e+01
1.430067e+01 1.093014e+01
1.157016e+01 1.099614e+01
1.247069e+01 -1.070784e+01
-3.796993e+00 -3.843528e-01
1.301642e+01 -9.226564e+00
1.262785e+01 -1.040694e+01
-8.652645e+00 -3.612790e-01
1.507565e+01 -4.928911e+00
1.263619e+01 -8.706258e+00
1.494858e+01 8.666336e+00
1.363284e+01 -6.817900e+00
-7.623853e+00 -3.825769e+00
1.198501e+01 -8.510654e+00
-1.069439e+01 4.088620e-01
-7.063976e+00 -1.204568e+00
1.188761e+01 1.041615e+01
-6.757923e+00 1.240597e+00
1.236150e+01 1.118910e+01
1.267877e+01 1.039209e+01
-8.468884e+00 6.728728e-01
-1.474985e+01 4.625683e-01
1.250207e+01 1.103521e+01
-9.595325e+00 3.161581e+00
1.374636e+01 -6.942617e+00
1.244786e+01 -3.826858e+00
-5.709124e+00 -7.673541e-01
-5.630957e+00 -2.312781e+00
1.287690e+01 9.977316e+00
1.280882e+01 -8.671423e+00
-7.837741e+00 2.763329e+00
-1.031277e+01 -3.106919e+00
1.484786e+01 -2.910411e+00
1.409139e+01 9.707908e+00
1.402797e+01 -9.131534e+00
1.305706e+01 -8.132376e+00
1.274605e+01 1.108008e+01
1.406810e+01 -8.652071e+00
1.112554e+01 -8.072453e+00
1.521606e+01 -5.593975e+00
-1.045051e+01 1.583410e+00
1.226431e+01 1.148546e+01
-6.829019e+00 2.945750e-01
1.324198e+01 -5.376140e+00
-6.101646e+00 6.337844e-01
1.386272e+01 -5.712586e+00
1.259463e+01 1.060043e+01
1.326041e+01 -1.040836e+01
1.135096e+01 8.849784e+00
1.228739e+01 1.167880e+01
1.359819e+01 8.923998e+00
1.391642e+01 1.024954e+01
1.349785e+01 1.031775e+01
1.140297e+01 8.942197e+00
1.110838e+01 -7.257031e+00
1.531590e+01 9.344973e+00
1.156600e+01 -1.067108e+01
1.179723e+01 -8.781636e+00
1.270411e+01 -7.460197e+00
1.464085e+01 -8.781533e+00
1.302241e+01 -1.118208e+01
1.361237e+01 -8.922130e+00
1.200575e+01 -9.900672e+00
-5.855050e+00 -6.216174e-01
-7.269111e+00 -1.634407e-02
1.097859e+01 -7.750873e+00
1.419302e+01 9.672094e+00
-8.036379e+00 -9.237313e-01
1.332819e+01 9.026972e+00
1.411479e+01 -7.413776e+00
-7.830665e+00 -6.480102e-02
1.201888e+01 9.920928e+00
1.355448e+01 -1.037174e+01
1.225808e+01 1.104263e+01
-7.972294e+00 -1.687337e+00
-9.013824e+00 -6.810573e-03
-8.077281e+00 4.402803e+00
1.125326e+01 8.794973e+00
-8.614645e+00 1.012477e+00
1.136823e+01 1.114145e+01
1.169814e+01 -6.047042e+00
1.406313e+01 -7.655396e+00
1.564141e+01 -7.026321e+00
-7.334257e+00 -9.263055e-01
1.085237e+01 9.436240e+00
1.467709e+01 1.044845e+01
1.125547e+01 9.409285e+00
1.313417e+01 1.027780e+01
1.128410e+01 -5.722396e+00
1.336171e+01 1.022280e+01
1.297810e+01 9.329516e+00
1.398153e+01 1.148650e+01
-9.778573e+00 -6.463841e-01
1.197278e+01 -9.008558e+00
1.265576e+01 -1.333892e+01
1.289281e+01 1.013986e+01
1.241033e+01 -7.637186e+00
1.434321e+01 -8.345567e+00
1.372327e+01 -6.876745e+00
-4.983710e+00 -1.185654e+00
1.207000e+01 9.852646e+00
1.372093e+01 -7.190508e+00
1.110522e+01 8.299892e+00
1.313532e+01 1.074091e+01
1.322380e+01 1.172580e+01
1.258179e+01 8.969615e+00
1.289344e+01 -8.731961e+00
1.192428e+01 1.011240e+01
1.222960e+01 1.233463e+01
1.345392e+01 -8.750510e+00
1.241626e+01 -9.676050e+00
1.354892e+01 1.059735e+01
1.317021e+01 -5.384196e+00
1.387817e+01 -1.010439e+01
1.288631e+01 -9.593481e+00
1.408245e+01 -9.459675e+00
1.295914e+01 -1.084257e+01
1.362940e+01 -7.235115e+00
1.390593e+01 9.658143e+00
1.410393e+01 -8.598732e+00
1.296537e+01 -8.302551e+00
-6.888544e+00 -7.010392e-01
1.283979e+01 -1.049711e+01
1.405879e+01 -7.684837e+00
1.246511e+01 -1.011521e+01
1.535657e+01 9.106387e+00
1.385966e+01 1.141192e+01
1.373882e+01 -9.873272e+00
1.283907e+01 -6.817293e+00
1.230971e+01 -5.734965e+00
1.330785e+01 9.930717e+00
1.384856e+01 9.043310e+00
1.281774e+01 1.225734e+01
1.397522e+01 1.037630e+01
1.322937e+01 1.053767e+01
1.391538e+01 9.591434e+00
1.093234e+01 9.620795e+00
1.097909e+01 -6.571805e+00
1.262531e+01 -8.717980e+00
1.302052e+01 9.220736e+00
1.237091e+01 -1.018963e+01
1.220550e+01 9.568683e+00
-1.069071e+01 1.079510e+00
-9.639548e+00 -1.457856e+00
1.208369e+01 8.413721e+00
1.261098e+01 -9.322776e+00
1.335496e+01 -6.003868e+00
1.420371e+01 -8.592766e+00
-9.420275e+00 2.435392e+00
-7.749476e+00 2.963777e-01
1.374671e+01 -6.835511e+00
1.230141e+01 -8.021246e+00
1.151499e+01 -6.226415e+00
1.211805e+01 9.207035e+00
1.322245e+01 1.103917e+01
1.064251e+01 -1.012736e+01
1.275801e+01 -6.654450e+00
1.298903e+01 -8.256088e+00
-6.751926e+00 2.982111e+00
1.221625e+01 -6.324354e+00
1.426112e+01 -1.227459e+01
1.333036e+01 9.644796e+00
1.431264e+01 -4.354898e+00
-3.245568e+00 -1.684798e+00
1.569297e+01 -7.563837e+00
1.216041e+01 9.854283e+00
-6.891802e+00 -4.628349e-01
-6.512677e+00 1.321286e+00
1.310843e+01 9.352283e+00
1.336085e+01 9.222089e+00
1.268838e+01 -8.149399e+00
1.286945e+01 -6.857620e+00
1.372078e+01 1.172839e+01
-6.759175e+00 6.976341e-01
-7.378969e+00 -3.539820e+00
1.204224e+01 -6.699703e+00
1.192756e+01 1.077924e+01
1.320094e+01 -7.153128e+00
1.442064e+01 -7.455370e+00
-1.056389e+01 7.537998e-01
1.159541e+01 -9.325844e+00
1.352407e+01 9.879200e+00
-9.622081e+00 -1.142521e+00
1.253500e+01 8.665228e+00
1.127743e+01 8.768347e+00
1.379294e+01 -8.933079e+00
1.273097e+01 1.056866e+01
1.318887e+01 9.725626e+00
1.080173e+01 -1.076630e+01
1.313884e+01 -8.975124e+00
1.194361e+01 9.506971e+00
1.343470e+01 1.232952e+01
1.226832e+01 9.344241e+00
1.143597e+01 -3.565256e+00
1.436869e+01 9.456079e+00
1.154213e+01 -1.199628e+01
1.439524e+01 9.748694e+00
1.356951e+01 1.015873e+01
1.422885e+01 -6.310458e+00
1.303424e+01 8.808325e+00
1.202340e+01 -7.751269e+00
1.184308e+01 1.183008e+01
1.357077e+01 1.127894e+01
1.412515e+01 -9.229285e+00
1.135793e+01 -1.030343e+01
1.100803e+01 -9.092230e+00
1.391598e+01 -6.540740e+00
1.322246e+01 9.432879e+00
-8.546590e+00 -2.467575e-01
1.351118e+01 1.174550e+01
1.219207e+01 -8.509988e+00
1.372419e+01 -6.621976e+00
1.188034e+01 1.097529e+01
1.534057e+01 1.082612e+01
-6.477139e+00 1.321303e+00
1.308413e+01 1.096517e+01
1.215250e+01 1.101580e+01
1.400049e+01 -7.990870e+00
1.424540e+01 9.700894e+00
1.243780e+01 -9.683234e+00
1.083983e+01 -7.583484e+00
1.224381e+01 -1.013786e+01
1.222077e+01 -6.592047e+00
1.326460e+01 9.136751e+00
1.310833e+01 1.001838e+01
1.412060e+01 -9.522200e+00
1.340894e+01 -4.495643e+00
1.363771e+01 8.777330e+00
1.191611e+01 9.032905e+00
1.183129e+01 -1.094119e+01
1.273054e+01 8.389334e+00
1.344773e+01 -8.155297e+00
-3.887733e+00 2.547150e+00
1.350947e+01 -8.454564e+00
-1.037352e+01 1.879171e+00
1.190107e+01 1.135600e+01
1.288259e+01 -9.958577e+00
1.319014e+01 1.149625e+01
-7.077275e+00 -3.952372e-01
1.304490e+01 -7.948944e+00
1.339017e+01 -8.594026e+00
-6.567356e+00 -2.084777e+00
1.335961e+01 8.666012e+00
1.429275e+01 -5.468646e+00
1.255615e+01 -9.895053e+00
1.299578e+01 -7.584203e+00
1.128433e+01 -1.028441e+01
1.361414e+01 -8.874637e+00
-6.644906e+00 -4.544195e-01
1.376440e+01 9.686436e+00
1.089249e+01 1.041630e+01
1.475831e+01 -6.772951e+00
1.428178e+01 7.949569e+00
1.284173e+01 7.182097e+00
-9.498190e+00 6.137160e-02
1.355050e+01 -6.682756e+00
1.205462e+01 -9.701370e+00
1.152531e+01 -6.633256e+00
1.432918e+01 -7.753059e+00
-7.015501e+00 3.494703e+00
1.317788e+01 9.529314e+00
1.263706e+01 8.767672e+00
1.224316e+01 9.811391e+00
1.395645e+01 -8.219337e+00
1.204043e+01 -9.517554e+00
1.165184e+01 1.033645e+01
1.347946e+01 1.036115e+01
1.348348e+01 -9.087133e+00
-1.032096e+01 -2.707369e+00
1.299883e+01 9.834787e+00
1.267154e+01 1.150888e+01
1.289889e+01 9.181778e+00
-7.513230e+00 -1.133979e+00
1.284540e+01 -5.237846e+00
1.316535e+01 1.042991e+01
-8.017573e+00 3.716744e-01
-1.111746e+01 6.545071e-01
1.318651e+01 -7.457293e+00
1.203097e+01 -5.424230e+00
1.393984e+01 -6.849384e+00
-6.984106e+00 3.739133e-01
1.228061e+01 -7.630973e+00
1.357506e+01 -8.596184e+00
1.471621e+01 8.933588e+00
-5.744792e+00 -3.820688e+00
1.187770e+01 -7.273569e+00
1.249564e+01 1.079464e+01
1.460814e+01 -1.162903e+01
-5.253407e+00 -4.764629e-01
1.124088e+01 -6.950539e+00
1.190891e+01 1.065829e+01
1.114873e+01 -5.934667e+00
1.275935e+01 9.896425e+00
1.322294e+01 -7.437154e+00
1.177028e+01 -8.497295e+00
1.264972e+01 9.088751e+00
1.181910e+01 9.788095e+00
1.341438e+01 1.004066e+01
1.352769e+01 9.658074e+00
-7.425532e+00 1.370196e+00
1.231097e+01 1.064084e+01
1.371199e+01 1.079545e+01
1.299378e+01 -9.396210e+00
1.265712e+01 1.115618e+01
-5.816517e+00 -1.206435e+00
-8.584875e+00 -2.788211e+00
1.287402e+01 8.903988e+00
1.328372e+01 1.157415e+01
1.301889e+01 1.033714e+01
1.250556e+01 7.710138e+00
1.364731e+01 8.773863e+00
1.310607e+01 -8.209358e+00
1.517001e+01 -9.097351e+00
1.259304e+01 9.318725e+00
-7.255332e+00 4.112277e+00
1.320959e+01 9.770165e+00
-1.226549e+01 -7.968366e-01
-8.454045e+00 8.629764e-01
1.260406e+01 -9.836850e+00
1.302452e+01 -6.636908e+00
1.360737e+01 1.069644e+01
1.421875e+01 -6.338102e+00
1.271907e+01 -5.929610e+00
-9.849623e+00 -9.989031e-01
1.301325e+01 -7.469304e+00
1.395760e+01 -8.384537e+00
1.347073e+01 -8.886056e+00
1.323559e+01 9.950669e+00
-7.548342e+00 2.135880e-01
1.234061e+01 -6.278622e+00
1.203097e+01 1.022306e+01
1.394769e+01 -4.189497e+00
1.324693e+01 -6.714163e+00
1.377695e+01 9.145421e+00
1.230940e+01 7.896727e+00
-7.330045e+00 3.489500e+00
1.250886e+01 1.082305e+01
1.339833e+01 -9.034677e+00
1.284222e+01 9.599093e+00
1.313135e+01 -9.200044e+00
1.447379e+01 9.612537e+00
1.501642e+01 1.023778e+01
1.230028e+01 8.482085e+00
1.304378e+01 -9.176377e+00
-1.074883e+01 -8.989046e-02
1.378710e+01 -7.268525e+00
1.321950e+01 -5.853898e+00
1.217598e+01 9.169238e+00
1.203894e+01 8.930640e+00
-9.352987e+00 -1.717607e+00
1.409267e+01 -7.675666e+00
1.236831e+01 -8.539333e+00
1.327682e+01 1.185642e+01
1.252321e+01 1.049806e+01
-6.585198e+00 2.287010e+00
-9.346740e+00 1.024241e+00
1.331716e+01 9.904572e+00
1.238401e+01 1.100857e+01
1.321154e+01 8.589266e+00
1.402780e+01 1.017964e+01
1.293691e+01 1.073665e+01
-1.007969e+01 -2.628609e+00
1.211026e+01 1.003406e+01
1.503746e+01 9.197538e+00
1.320331e+01 8.780437e+00
1.469438e+01 -9.644765e+00
1.455855e+01 -9.413049e+00
-4.612622e+00 8.068072e-01
1.431940e+01 -9.770446e+00
-6.897784e+00 9.355339e-01
-7.251027e+00 -9.304549e-01
-1.152965e+01 9.592164e-01
-9.031822e+00 -2.297331e+00
1.240191e+01 -9.154297e+00
1.329418e+01 1.034613e+01
-8.189880e+00 1.180930e-01
1.482763e+01 9.379385e+00
-9.808214e+00 -1.705086e+00
1.151289e+01 -6.383951e+00
1.475899e+01 -8.462315e+00
1.351241e+01 -6.188995e+00
1.302952e+01 1.006694e+01
1.229246e+01 9.831759e+00
-3.969047e+00 -1.885148e-01
1.482764e+01 -7.515539e+00
1.539215e+01 9.678798e+00
1.251161e+01 -7.805281e+00
1.220200e+01 8.733297e+00
-9.232272e+00 -1.000298e+00
1.378928e+01 9.843219e+00
1.339110e+01 -8.786174e+00
1.246928e+01 -8.292457e+00
1.335826e+01 -6.525085e+00
-6.557282e+00 2.916857e+00
1.192069e+01 8.941280e+00
1.415835e+01 1.036506e+01
1.372991e+01 -5.606493e+00
1.183800e+01 -8.563176e+00
1.563873e+01 -8.868423e+00
1.328157e+01 -5.273081e+00
1.362653e+01 -6.563287e+00
1.187194e+01 1.165588e+01
1.301757e+01 -3.957067e+00
1.371021e+01 -6.027313e+00
1.299245e+01 8.912357e+00
1.411053e+01 -9.248111e+00
-7.476642e+00 -2.855853e+00
1.250312e+01 1.104292e+01
1.265764e+01 -9.582283e+00
1.432685e+01 1.016176e+01
1.212023e+01 -6.154939e+00
1.414785e+01 -4.871153e+00
1.194863e+01 1.031623e+01
1.155461e+01 1.113254e+01
1.212692e+01 -1.154384e+01
1.318119e+01 9.711525e+00
1.294216e+01 1.143450e+01
1.233899e+01 -8.329323e+00
1.271285e+01 -7.528322e+00
1.255480e+01 8.821232e+00
1.325746e+01 1.093535e+01
1.206870e+01 8.787465e+00
1.276128e+01 9.885625e+00
1.203557e+01 -7.443453e+00
1.339941e+01 -5.571082e+00
1.246623e+01 1.031033e+01
1.302012e+01 -7.999101e+00
1.437831e+01 1.004552e+01
-5.678622e+00 -5.640708e-01
1.449084e+01 -6.931384e+00
-6.255924e+00 1.833009e+00
-1.168690e+01 -3.120999e+00
1.414799e+01 1.158832e+01
-1.025956e+01 -4.694972e-01
1.423729e+01 -7.537410e+00
1.403122e+01 9.262905e+00
1.432756e+01 1.065535e+01
1.372152e+01 9.293373e+00
1.480921e+01 -9.468257e+00
1.284964e+01 -1.066016e+01
1.230736e+01 1.040006e+01
1.143105e+01 1.102174e+01
1.151582e+01 1.030992e+01
1.224557e+01 -7.319669e+00
1.006999e+01 9.695767e+00
1.147590e+01 9.616293e+00
1.342410e+01 8.151836e+00
-7.297051e+00 1.574205e+00
1.307310e+01 -8.379964e+00
1.365036e+01 -8.443355e+00
1.290052e+01 -5.447170e+00
1.257113e+01 9.926842e+00
1.570324e+01 -7.206190e+00
1.178543e+01 -9.136128e+00
1.135601e+01 -1.043968e+01
1.352284e+01 9.387594e+00
1.348161e+01 1.041298e+01
1.331665e+01 -8.544737e+00
1.283152e+01 -8.555428e+00
-9.255163e+00 -2.903366e+00
1.351779e+01 1.282297e+01
-7.078831e+00 3.759484e+00
1.378050e+01 9.962741e+00
1.467027e+01 -8.795264e+00
-8.954300e+00 1.935127e+00
1.412858e+01 1.030798e+01
1.257301e+01 -1.071235e+01
1.360460e+01 -1.408632e+01
1.358879e+01 -5.376212e+00
1.298981e+01 1.022040e+01
1.467580e+01 -9.901826e+00
1.196857e+01 9.956946e+00
-1.094198e+01 -1.415473e+00
1.291424e+01 -6.358514e+00
-4.836457e+00 -2.963517e-01
1.279601e+01 -8.775928e+00
1.271571e+01 -9.225416e+00
1.268335e+01 9.892103e+00
-7.787774e+00 7.088589e-01
1.269847e+01 1.082525e+01
1.153211e+01 9.110464e+00
1.189475e+01 -3.290710e+00
1.230242e+01 -9.241877e+00
1.127271e+01 9.342097e+00
1.290133e+01 9.943551e+00
1.235320e+01 8.944443e+00
1.241501e+01 -5.259862e+00
-7.112005e+00 -1.356022e+00
1.319083e+01 -6.656916e+00
1.191959e+01 1.042986e+01
-6.827638e+00 -1.394313e-01
-8.952142e+00 1.274626e+00
1.381214e+01 8.349524e+00
-1.127688e+01 -1.806025e+00
-1.027448e+01 1.584490e+00
1.370721e+01 9.732529e+00
1.274963e+01 -6.032632e+00
1.349445e+01 1.080358e+01
1.216162e+01 -1.030511e+01
-8.643231e+00 1.382266e+00
1.061606e+01 -6.529536e+00
1.255020e+01 1.002835e+01
1.304199e+01 1.006925e+01
-9.099320e+00 1.867742e+00
1.279781e+01 1.007243e+01
1.347870e+01 9.729305e+00
-6.509308e+00 -1.731232e+00
1.422747e+01 8.644667e+00
-2.559558e+00 1.782747e+00
1.202043e+01 -8.404603e+00
1.238746e+01 -8.123537e+00
1.581066e+01 -7.545238e+00
1.377276e+01 -1.005188e+01
1.242082e+01 -1.054977e+01
-1.190400e+01 -1.832590e+00
-8.019022e+00 2.021533e+00
-9.895431e+00 3.312314e+00
1.296266e+01 9.842917e+00
-8.623569e+00 3.349360e-01
1.189280e+01 -7.745553e+00
1.263001e+01 9.742531e+00
-3.898563e+00 1.329351e+00
1.180798e+01 -8.419684e+00
-6.462783e+00 -3.660190e+00
1.336883e+01 1.129299e+01
1.099427e+01 -1.077120e+01
1.316067e+01 8.217576e+00
-7.510027e+00 -2.715905e+00
1.311085e+01 9.320202e+00
-8.733764e+00 -3.301469e-01
-6.566991e+00 2.506247e+00
-8.498676e+00 -1.852351e+00
1.458234e+01 8.782118e+00
1.302560e+01 -7.636285e+00
-7.399278e+00 -3.475602e-01
1.448090e+01 1.079770e+01
1.222881e+01 8.930959e+00
1.478712e+01 -6.055105e+00
1.198446e+01 1.011968e+01
1.280886e+01 -1.033197e+01
1.195081e+01 -8.028281e+00
1.180460e+01 9.238773e+00
1.306158e+01 -8.268024e+00
1.137468e+01 9.654222e+00
1.287087e+01 -6.837856e+00
1.076613e+01 1.252237e+01
1.219405e+01 8.973759e+00
1.399705e+01 -5.368098e+00
1.411111e+01 9.780937e+00
-7.161164e+00 -2.988391e+00
1.345038e+01 1.082091e+01
-5.991887e+00 -1.054558e+00
1.250757e+01 -7.597519e+00
1.300584e+01 -8.716108e+00
1.307614e+01 1.092727e+01
1.191301e+01 -1.043669e+01
1.136702e+01 -1.005962e+01
-5.232553e+00 -6.715331e-01
1.441218e+01 -8.581866e+00
1.268460e+01 1.099757e+01
1.256901e+01 1.034217e+01
1.315590e+01 1.005307e+01
1.338236e+01 -7.237365e+00
1.224992e+01 -1.018258e+01
1.339504e+01 8.576925e+00
1.188962e+01 1.011056e+01
1.354553e+01 -7.373608e+00
1.374354e+01 9.970494e+00
1.351584e+01 -1.046480e+01
1.460654e+01 -8.692437e+00
1.336350e+01 9.319018e+00
1.237568e+01 -7.577474e+00
1.179196e+01 1.029396e+01
-1.089245e+01 2.714637e+00
-8.062639e+00 4.717276e-01
-8.607321e+00 3.133592e+00
1.306644e+01 8.360077e+00
1.366231e+01 -7.670758e+00
1.408767e+01 -7.528538e+00
1.401519e+01 8.200334e+00
1.235617e+01 8.247652e+00
1.408048e+01 -6.797886e+00
1.180031e+01 -9.621971e+00
1.319175e+01 -7.624752e+00
1.312537e+01 1.141881e+01
1.326871e+01 -6.284706e+00
1.307106e+01 1.009235e+01
-7.585114e+00 1.996032e+00
1.295454e+01 -3.397971e+00
1.280295e+01 9.140070e+00
1.327419e+01 -1.050987e+01
1.289665e+01 -7.507922e+00
1.376268e+01 9.897476e+00
-8.176046e+00 -2.306681e-01
1.487564e+01 1.041010e+01
1.255922e+01 -7.709082e+00
-5.601732e+00 1.239654e-01
1.357549e+01 -6.161926e+00
1.242608e+01 -7.530670e+00
1.207446e+01 -5.369186e+00
1.274947e+01 -7.892996e+00
1.326833e+01 8.752233e+00
1.188897e+01 8.844468e+00
1.360196e+01 1.039586e+01
-7.721654e+00 5.807646e-01
1.262250e+01 1.030623e+01
-8.738606e+00 1.636288e+00
1.260194e+01 9.215795e+00
1.230081e+01 1.038769e+01
1.494575e+01 9.331268e+00
1.286621e+01 -8.529315e+00
1.273828e+01 -8.750692e+00
1.172408e+01 8.980731e+00
1.363592e+01 -1.178055e+01
1.213608e+01 1.094698e+01
1.351728e+01 -6.537188e+00
-6.768167e+00 2.143318e+00
1.396949e+01 -7.661015e+00
-9.743891e+00 2.252026e+00
1.169837e+01 9.217979e+00
1.300493e+01 1.177327e+01
1.259321e+01 -5.554369e+00
1.255774e+01 -4.380798e+00
1.186128e+01 1.091083e+01
1.325328e+01 1.098120e+01
1.252970e+01 1.211127e+01
1.394272e+01 -6.263120e+00
1.211255e+01 -1.153411e+01
-9.351142e+00 2.106856e+00
1.293742e+01 1.028062e+01
1.367039e+01 -8.539704e+00
1.199064e+01 8.767791e+00
1.297024e+01 1.139116e+01
-4.244931e+00 1.140017e+00
1.273033e+01 -9.024510e+00
1.255249e+01 7.616013e+00
1.392332e+01 -5.315294e+00
1.370331e+01 1.064726e+01
1.469081e+01 1.022149e+01
1.410326e+01 -5.700953e+00
1.250920e+01 -7.127233e+00
1.413027e+01 -9.638154e+00
-8.479796e+00 -1.225177e+00
1.363693e+01 -7.050620e+00
1.349132e+01 9.765698e+00
-6.049837e+00 -1.423591e-01
1.390599e+01 -7.845027e+00
1.166662e+01 -7.170311e+00
1.224744e+01 -7.417474e+00
1.345262e+01 -7.019207e+00
1.210595e+01 -7.938975e+00
1.419540e+01 1.139404e+01
1.387736e+01 9.621659e+00
1.304451e+01 -8.943766e+00
1.368095e+01 -6.619478e+00
-8.870621e+00 7.439668e-01
-1.026147e+01 -1.560748e+00
1.292301e+01 8.545399e+00
1.349909e+01 -1.090556e+01
-1.024244e+01 -1.846799e+00
1.424698e+01 1.069137e+01
-8.478535e+00 1.084775e-01
1.300967e+01 -8.284333e+00
1.392428e+01 1.007418e+01
-8.507732e+00 3.103198e-01
1.150145e+01 -5.996345e+00
1.233366e+01 1.009795e+01
1.395767e+01 -7.699497e+00
1.260603e+01 1.077363e+01
-9.838305e+00 -6.216881e-01
1.284792e+01 -9.323615e+00
1.230730e+01 -1.154189e+01
-8.612391e+00 8.970003e-01
1.241244e+01 1.061669e+01
1.387205e+01 -6.589811e+00
1.309165e+01 -4.801076e+00
1.300401e+01 -1.011431e+01
1.271207e+01 -4.591987e+00
-7.298597e+00 -1.842114e+00
1.296426e+01 9.477315e+00
1.278028e+01 1.047857e+01
1.357782e+01 -1.013460e+01
1.272035e+01 -7.901396e+00
1.216761e+01 -7.532415e+00
-7.617210e+00 -3.242283e+00
-1.116434e+01 7.043847e-01
1.383457e+01 8.883694e+00
1.370994e+01 -7.996846e+00
1.246085e+01 -9.287076e+00
1.312927e+01 -6.011075e+00
1.277891e+01 -8.413468e+00
1.369286e+01 9.177617e+00
1.142645e+01 -9.512117e+00
1.264570e+01 9.591564e+00
1.277772e+01 1.021912e+01
-8.877614e+00 -2.726052e-01
-1.042102e+01 -1.371846e+00
1.286754e+01 1.125054e+01
1.292772e+01 -8.717343e+00
-7.009488e+00 1.647879e+00
-5.729620e+00 -3.241249e+00
1.323140e+01 -1.024795e+01
-9.974475e+00 7.696796e-01
1.258185e+01 -9.215974e+00
-9.370036e+00 4.469394e+00
1.170286e+01 9.609874e+00
1.169429e+01 -7.696817e+00
1.214129e+01 -5.836483e+00
1.309060e+01 8.967507e+00
1.430119e+01 9.073002e+00
1.309795e+01 -4.142142e+00
-8.737625e+00 1.240537e+00
1.243551e+01 1.102364e+01
1.506643e+01 8.712457e+00
-8.818597e+00 -3.552399e+00
1.270116e+01 1.038550e+01
1.469646e+01 1.001705e+01
-1.106729e+01 8.667548e-01
1.291762e+01 1.004589e+01
-7.790944e+00 1.041991e+00
-1.126209e+01 -2.222493e+00
1.155550e+01 -8.527474e+00
1.384396e+01 -1.099175e+01
1.430732e+01 9.070598e+00
-8.321750e+00 2.125338e+00
1.345638e+01 1.166387e+01
1.220213e+01 -9.109950e+00
1.227790e+01 -7.511261e+00
-8.116872e+00 -1.141473e+00
1.199948e+01 -6.874540e+00
1.259417e+01 9.377657e+00
1.209414e+01 1.070935e+01
1.313690e+01 -6.613088e+00
1.254194e+01 -8.114481e+00
1.509433e+01 1.100906e+01
1.286930e+01 8.863725e+00
1.494599e+01 -6.596161e+00
1.274423e+01 -8.648733e+00
-4.416416e+00 -1.083749e+00
-7.304939e+00 4.911874e-01
1.265816e+01 -8.999849e+00
1.356816e+01 1.036544e+01
1.530988e+01 -7.092652e+00
1.051732e+01 -8.386034e+00
1.389501e+01 -7.812398e+00
-8.002005e+00 1.649231e+00
1.395868e+01 -7.779254e+00
1.375575e+01 -9.620183e+00
1.444514e+01 9.523939e+00
1.454010e+01 8.587496e+00
1.146360e+01 -1.068262e+01
1.347465e+01 -9.210807e+00
1.375930e+01 1.043458e+01
1.420606e+01 7.350246e+00
1.379530e+01 1.132852e+01
1.428473e+01 -6.991630e+00
-9.775896e+00 -1.596443e+00
-7.566054e+00 -1.659923e+00
1.299076e+01 -7.724792e+00
1.225452e+01 -9.764133e+00
1.325222e+01 -4.561888e+00
1.251808e+01 8.839676e+00
-1.016296e+01 -1.186280e+00
1.425552e+01 8.543428e+00
1.425602e+01 8.201709e+00
1.324434e+01 1.044448e+01
1.269618e+01 -8.921892e+00
1.409782e+01 -7.714227e+00
1.295601e+01 -7.197504e+00
-7.000402e+00 -8.196497e-01
1.277136e+01 1.166152e+01
-7.144719e+00 5.043773e-01
-6.476458e+00 -7.165922e-01
1.158599e+01 9.143778e+00
-6.169247e+00 -5.028503e+00
1.358003e+01 8.600272e+00
1.257600e+01 1.026323e+01
1.323537e+01 1.194258e+01
1.218083e+01 -5.286729e+00
-6.751802e+00 -8.903466e-01
1.334024e+01 8.671091e+00
-8.692181e+00 -1.853370e-01
1.360651e+01 9.975121e+00
-8.562464e+00 -1.533975e+00
1.330693e+01 9.469623e+00
1.339190e+01 -1.226778e+01
1.283710e+01 1.013149e+01
-6.440836e+00 1.586298e+00
1.471846e+01 9.671163e+00
1.341877e+01 -5.779079e+00
1.118743e+01 8.749359e+00
1.348106e+01 1.013092e+01
1.461410e+01 9.863610e+00
-9.224239e+00 -1.233503e+00
1.432228e+01 9.803124e+00
1.377096e+01 9.331306e+00
1.188677e+01 1.047347e+01
1.319711e+01 -6.332882e+00
1.201722e+01 -8.251619e+00
1.529328e+01 9.170239e+00
-7.922079e+00 3.043825e+00
1.204295e+01 1.090853e+01
1.306570e+01 9.130538e+00
1.425958e+01 -6.821462e+00
-9.814927e+00 5.440633e-01
1.391771e+01 1.301539e+01
-8.140942e+00 2.555900e+00
1.299981e+01 1.167964e+01
1.331166e+01 1.149702e+01
-1.210982e+01 1.605386e+00
1.376198e+01 9.471341e+00
1.324716e+01 1.050396e+01
1.048675e+01 1.105179e+01
1.304906e+01 1.134192e+01
1.299945e+01 -7.567090e+00
-1.196578e+01 4.951034e+00
1.340676e+01 -9.108986e+00
1.198883e+01 -3.759289e+00
1.303414e+01 9.774128e+00
-5.764610e+00 1.740277e+00
-7.831737e+00 -1.987577e-01
-1.214010e+01 -1.632136e+00
1.299496e+01 7.366027e+00
1.439307e+01 9.971283e+00
1.249853e+01 -6.207732e+00
1.372014e+01 9.555741e+00
-9.523132e+00 9.604595e-01
-1.157736e+01 1.118752e+00
1.359071e+01 9.403620e+00
-7.083857e+00 -7.418168e-01
-7.743594e+00 3.450848e+00
1.394792e+01 1.012099e+01
1.332204e+01 1.000121e+01
1.369850e+01 -7.266800e+00
-8.140603e+00 1.926411e+00
1.279566e+01 -7.156173e+00
-9.503460e+00 2.194218e+00
-6.355324e+00 -3.036140e+00
1.442541e+01 1.103745e+01
1.322881e+01 -9.274075e+00
1.199929e+01 -9.871884e+00
1.295383e+01 1.091037e+01
1.196819e+01 -8.925119e+00
1.285886e+01 -7.012784e+00
1.172873e+01 1.045916e+01
1.434344e+01 -6.646419e+00
1.364020e+01 1.074980e+01
1.470484e+01 -9.333275e+00
-3.586870e+00 2.046423e-01
1.211990e+01 9.694423e+00
1.209828e+01 -9.374465e+00
1.369563e+01 9.219829e+00
1.398621e+01 9.320817e+00
1.286147e+01 -8.481407e+00
1.226687e+01 9.056443e+00
1.372363e+01 1.056930e+01
1.444311e+01 -6.420294e+00
1.201851e+01 -9.315296e+00
1.353533e+01 9.590867e+00
1.300642e+01 1.082551e+01
1.360975e+01 -1.119939e+01
1.210423e+01 -7.698040e+00
1.411595e+01 -4.933947e+00
1.135544e+01 -1.142615e+01
-7.386174e+00 -2.244267e+00
-9.363226e+00 3.828216e+00
1.440162e+01 -4.961588e+00
1.121076e+01 -9.427334e+00
1.279580e+01 1.063822e+01
1.271921e+01 9.849256e+00
1.288995e+01 9.131758e+00
1.235788e+01 -8.257416e+00
1.344942e+01 1.212436e+01
1.232605e+01 1.102705e+01
1.511126e+01 -8.556644e+00
-1.005044e+01 3.759770e-01
1.117775e+01 -7.386534e+00
1.325351e+01 -7.003082e+00
-5.626724e+00 -1.340306e+00
1.412502e+01 -7.847734e+00
1.268742e+01 -7.010801e+00
1.342627e+01 -1.063869e+01
-3.939931e+00 1.653545e+00
-1.015332e+01 -2.074384e+00
-6.468315e+00 6.307211e-01
1.336807e+01 9.940989e+00
1.276642e+01 -6.789787e+00
1.417720e+01 1.192796e+01
-9.059052e+00 8.381166e-01
1.307225e+01 1.101150e+01
1.213634e+01 -1.076814e+01
1.167907e+01 -8.089692e+00
1.359283e+01 -1.024855e+01
1.319285e+01 -1.015100e+01
1.097387e+01 9.172201e+00
-9.915160e+00 1.885222e+00
1.259203e+01 8.356491e+00
1.232665e+01 9.819220e+00
1.107674e+01 -6.747461e+00
1.217426e+01 -7.900660e+00
1.187318e+01 9.805140e+00
1.305888e+01 -7.709808e+00
1.389863e+01 9.589369e+00
1.244502e+01 -9.643719e+00
1.117210e+01 -6.541457e+00
1.357244e+01 -6.757708e+00
1.323568e+01 9.447626e+00
1.403334e+01 -1.053214e+01
1.345242e+01 -5.192685e+00
1.284078e+01 -9.817692e+00
1.307002e+01 -6.017405e+00
1.422301e+01 -9.250188e+00
1.239076e+01 -6.255039e+00
1.241441e+01 -7.750470e+00
1.337235e+01 1.218460e+01
1.553461e+01 -7.598502e+00
-6.407525e+00 3.146756e+00
1.230252e+01 -7.950361e+00
1.177842e+01 -5.323098e+00
1.241191e+01 -9.878502e+00
-9.140775e+00 2.370551e+00
1.093366e+01 -8.858901e+00
1.419777e+01 -7.462806e+00
1.270156e+01 -7.196952e+00
1.206587e+01 9.595262e+00
1.208846e+01 -7.648264e+00
1.470205e+01 1.065388e+01
1.334768e+01 1.069495e+01
1.327981e+01 1.095913e+01
1.337308e+01 -9.141287e+00
1.374134e+01 -8.471817e+00
-1.095918e+01 -1.495974e+00
-8.991955e+00 -3.283658e+00
1.179700e+01 -5.028222e+00
-8.706381e+00 1.294863e+00
1.239713e+01 -6.111612e+00
1.330643e+01 1.164140e+01
1.387714e+01 -9.086776e+00
-7.278997e+00 2.911357e-01
1.417466e+01 -1.011641e+01
1.240893e+01 -9.841293e+00
1.290893e+01 9.286522e+00
1.320046e+01 -6.325422e+00
1.310246e+01 9.120449e+00
1.145640e+01 -5.695509e+00
-7.719317e+00 -9.068521e-01
1.303769e+01 -6.562613e+00
1.219083e+01 -1.041400e+01
1.397685e+01 -8.288133e+00
1.184615e+01 9.843579e+00
1.250503e+01 1.097834e+01
1.245318e+01 9.256209e+00
1.307093e+01 1.006234e+01
-5.510163e+00 -1.858526e+00
1.272701e+01 9.382009e+00
1.398646e+01 1.002118e+01
-8.539742e+00 5.943222e-01
-8.221997e+00 3.701507e+00
1.314525e+01 8.009968e+00
1.476301e+01 1.014592e+01
1.279751e+01 -8.915730e+00
1.391184e+01 -5.758953e+00
-4.678672e+00 7.169631e-01
1.326728e+01 -1.012346e+01
1.121408e+01 1.174343e+01
1.399177e+01 9.760170e+00
1.538737e+01 -6.924219e+00
1.164668e+01 -7.714567e+00
1.268272e+01 -6.901868e+00
1.434669e+01 -7.669971e+00
1.188549e+01 -1.076773e+01
1.116853e+01 -7.397819e+00
1.248464e+01 9.710918e+00
1.379568e+01 -7.987376e+00
1.438882e+01 -7.271625e+00
1.242376e+01 9.862470e+00
1.249207e+01 -9.792519e+00
-1.023512e+01 8.230735e-01
1.354390e+01 -7.302486e+00
-9.042806e+00 2.420600e-01
1.236173e+01 9.594359e+00
1.058417e+01 -9.470267e+00
1.197502e+01 -8.268142e+00
1.277113e+01 8.555809e+00
1.490589e+01 -8.771274e+00
1.196037e+01 -7.315474e+00
1.260122e+01 9.254768e+00
1.252878e+01 1.088628e+01
1.247148e+01 9.123989e+00
1.359543e+01 -7.622831e+00
1.512799e+01 -8.960189e+00
1.372886e+01 1.073131e+01
1.410910e+01 -8.190524e+00
1.358962e+01 1.066232e+01
1.573102e+01 9.059267e+00
1.228486e+01 -9.157362e+00
-9.684282e+00 -6.137339e-02
-8.862219e+00 -6.572753e-01
1.324328e+01 -7.472037e+00
1.368393e+01 1.036981e+01
1.388594e+01 1.017074e+01
1.315150e+01 -5.876489e+00
1.263814e+01 1.027969e+01
-6.989236e+00 2.228507e-01
-8.529682e+00 1.776054e-01
1.370553e+01 -8.028608e+00
-7.658446e+00 -6.936834e-01
1.467477e+01 -7.958585e+00
1.301819e+01 1.082791e+01
1.008053e+01 1.088911e+01
1.332120e+01 -5.985473e+00
1.163969e+01 -9.128690e+00
-9.812279e+00 2.544923e+00
1.189262e+01 -9.346791e+00
1.194106e+01 -8.065715e+00
1.304639e+01 -7.714612e+00
1.199547e+01 -7.137281e+00
1.118679e+01 -1.054402e+01
1.471000e+01 -1.089516e+01
1.181975e+01 -7.435964e+00
-1.061034e+01 2.883622e+00
-8.206721e+00 -4.231050e-01
-1.172352e+01 -2.636928e+00
1.246620e+01 -9.657265e+00
1.162976e+01 -9.146210e+00
-1.131162e+01 4.130968e-03
1.234673e+01 1.081072e+01
1.427320e+01 1.008333e+01
1.310183e+01 -8.530854e+00
1.180817e+01 -5.561272e+00
-8.635204e+00 3.784524e+00
1.281672e+01 -5.954660e+00
1.185403e+01 -9.662280e+00
1.370498e+01 -9.297049e+00
1.256747e+01 8.977985e+00
1.211915e+01 1.115237e+01
1.351848e+01 1.075294e+01
-1.120650e+01 -1.918139e+00
1.279255e+01 1.078021e+01
-7.571473e+00 3.775125e+00
1.312050e+01 -1.034006e+01
1.271829e+01 1.088912e+01
-6.390642e+00 2.164149e+00
1.299135e+01 8.385171e+00
1.389015e+01 1.050021e+01
1.225800e+01 8.853667e+00
1.182536e+01 -8.906679e+00
1.342711e+01 9.975180e+00
1.149281e+01 1.129710e+01
-9.836644e+00 1.283862e+00
1.228186e+01 8.836314e+00
-7.943265e+00 -3.560029e-01
1.295910e+01 -8.760616e+00
1.398942e+01 1.098469e+01
1.547407e+01 -1.025921e+01
1.326782e+01 -9.540128e+00
1.317706e+01 1.108775e+01
1.205135e+01 -8.091222e+00
1.349461e+01 -1.301078e+01
-3.367419e+00 -1.546562e+00
1.336089e+01 1.067675e+01
1.273271e+01 -9.527596e+00
-9.189465e+00 3.240162e+00
1.158409e+01 -9.834006e+00
1.192960e+01 8.547799e+00
1.196840e+01 -7.500374e+00
1.149801e+01 1.024111e+01
-6.913528e+00 -8.388886e-01
1.344442e+01 9.238472e+00
1.291760e+01 -1.088600e+01
-9.335573e+00 -2.570959e+00
1.184670e+01 1.017474e+01
1.185836e+01 -9.449477e+00
1.200827e+01 1.112997e+01
1.134828e+01 -6.816773e+00
1.265715e+01 -1.009448e+01
1.225633e+01 -5.995294e+00
-6.939749e+00 3.345372e+00
1.235865e+01 9.717040e+00
1.474808e+01 8.734349e+00
1.287818e+01 1.063839e+01
1.459361e+01 9.395301e+00
1.203034e+01 -9.541479e+00
1.306226e+01 -7.922666e+00
1.410254e+01 1.002737e+01
-7.874300e+00 -6.125525e+00
1.242006e+01 -8.841645e+00
-8.683265e+00 1.572494e+00
1.309517e+01 9.911773e+00
1.263106e+01 -9.303079e+00
1.315974e+01 9.116690e+00
1.438501e+01 9.718236e+00
1.108543e+01 -9.006525e+00
1.289989e+01 -9.665558e+00
1.431847e+01 -9.139098e+00
1.135539e+01 -7.975325e+00
1.123680e+01 -7.002450e+00
1.401161e+01 1.117184e+01
1.433254e+01 -9.939123e+00
1.408408e+01 -7.904835e+00
1.132341e+01 -9.215663e+00
1.306689e+01 -6.194587e+00
1.317759e+01 -9.707898e+00
1.112738e+01 -6.169176e+00
1.260150e+01 -9.629842e+00
1.063348e+01 -5.138010e+00
1.335698e+01 8.704610e+00
-8.585241e+00 -1.983117e+00
1.387427e+01 1.156165e+01
1.373625e+01 -6.951580e+00
1.200621e+01 9.335863e+00
1.277429e+01 -9.129506e+00
1.338477e+01 -1.102810e+01
1.265930e+01 9.576706e+00
1.190544e+01 -9.546928e+00
1.386150e+01 -4.777727e+00
1.391599e+01 -6.027235e+00
1.260418e+01 1.108839e+01
-1.064798e+01 -1.551815e+00
-1.084232e+01 -3.456348e-01
1.424567e+01 1.001912e+01
1.384354e+01 7.439897e+00
-9.449753e+00 1.631055e+00
1.221808e+01 1.034566e+01
-8.958736e+00 1.074810e+00
1.265661e+01 1.051377e+01
1.313740e+01 1.081626e+01
1.371824e+01 1.074920e+01
1.421410e+01 1.085489e+01
-7.931965e+00 -8.467353e-01
1.347977e+01 1.043799e+01
-7.660079e+00 6.018216e-01
-7.108865e+00 1.312572e+00
1.216993e+01 -5.961304e+00
-7.926967e+00 -1.562272e+00
1.262350e+01 1.165231e+01
1.053546e+01 -7.331203e+00
1.276256e+01 -4.663919e+00
-7.014464e+00 1.657854e+00
1.370643e+01 1.025439e+01
-8.880334e+00 -3.704798e+00
1.164521e+01 9.082881e+00
1.251132e+01 1.021264e+01
1.284006e+01 -7.082536e+00
1.335869e+01 1.121288e+01
1.311118e+01 1.077570e+01
1.389760e+01 1.010063e+01
1.076697e+01 9.545150e+00
1.249958e+01 1.046275e+01
1.278119e+01 -6.280802e+00
1.331539e+01 -7.823786e+00
1.313558e+01 8.962335e+00
1.452061e+01 1.154599e+01
1.106488e+01 -9.441707e+00
1.396724e+01 1.209303e+01
1.296404e+01 -8.606349e+00
1.209641e+01 9.344539e+00
1.448894e+01 -7.748923e+00
1.280967e+01 9.740506e+00
1.326833e+01 -6.142873e+00
1.164275e+01 1.071144e+01
1.176796e+01 1.039819e+01
1.551601e+01 -9.282368e+00
-3.595544e+00 3.415557e+00
-6.980651e+00 -5.488482e-01
1.426373e+01 7.924548e+00
1.161899e+01 8.207391e+00
-8.185177e+00 6.244534e-01
1.281471e+01 -5.594778e+00
1.373849e+01 1.021220e+01
1.264774e+01 9.802199e+00
1.359011e+01 -9.348929e+00
-7.793834e+00 -8.154166e-01
-6.204952e+00 -2.283044e-01
1.147180e+01 1.022936e+01
1.250330e+01 -8.938889e+00
1.199355e+01 1.040504e+01
1.178315e+01 -7.953919e+00
1.218010e+01 1.122836e+01
1.206166e+01 9.171410e+00
1.137460e+01 1.199480e+01
-1.042908e+01 -4.290361e+00
1.325498e+01 -7.386962e+00
1.338504e+01 -7.956925e+00
1.232448e+01 9.065108e+00
1.237210e+01 -4.246847e+00
1.319497e+01 1.197841e+01
1.278468e+01 9.839667e+00
1.107347e+01 -4.411162e+00
-9.103419e+00 -2.906776e+00
1.253331e+01 9.316796e+00
-9.204502e+00 8.644973e-01
1.358255e+01 1.034692e+01
-4.998300e+00 -9.602528e-01
1.269978e+01 1.057415e+01
-1.058180e+01 8.921863e-01
1.159200e+01 9.602693e+00
1.424191e+01 1.063311e+01
1.371078e+01 9.888863e+00
1.160702e+01 -7.032526e+00
-7.454156e+00 -7.830680e-01
1.182697e+01 -6.231136e+00
1.335003e+01 -9.308939e+00
1.372683e+01 1.030016e+01
1.301220e+01 -7.062456e+00
1.047754e+01 9.541250e+00
1.298818e+01 -1.025757e+01
-8.123334e+00 -3.207381e+00
1.212288e+01 -1.059724e+01
1.294652e+01 -8.171947e+00
-1.018576e+01 1.100587e-01
1.206890e+01 -1.173476e+01
1.437152e+01 -8.744225e+00
1.141724e+01 -5.390076e+00
1.320292e+01 -7.474765e+00
1.136395e+01 -6.956012e+00
1.214603e+01 -6.831790e+00
-9.046043e+00 1.138262e+00
1.340599e+01 1.053054e+01
-4.222018e+00 2.925318e-01
1.155221e+01 1.021195e+01
-9.221091e+00 -3.196801e+00
1.521541e+01 -7.547758e+00
-6.786854e+00 -2.693727e+00
1.242261e+01 9.221349e+00
1.230680e+01 -8.404768e+00
1.451315e+01 1.066374e+01
1.416876e+01 -8.386826e+00
1.465664e+01 -1.045702e+01
1.144633e+01 -6.779838e+00
-6.086688e+00 4.976148e-02
1.265703e+01 9.610961e+00
1.342528e+01 1.096029e+01
-9.299332e+00 4.291351e-01
1.148084e+01 9.760748e+00
1.358230e+01 9.270825e+00
1.190087e+01 9.591292e+00
1.189280e+01 1.178613e+01
1.229491e+01 1.169157e+01
-6.625326e+00 2.700033e+00
1.479022e+01 -5.519173e+00
1.204342e+01 -6.934168e+00
1.308508e+01 1.055611e+01
-1.187530e+01 -1.275209e+00
1.207312e+01 1.063850e+01
1.344344e+01 -6.000298e+00
1.167887e+01 -6.307792e+00
1.370820e+01 9.962940e+00
1.282358e+01 -5.852122e+00
1.281502e+01 9.537327e+00
1.188365e+01 -5.531139e+00
-4.275707e+00 1.627700e+00
1.450503e+01 1.098623e+01
1.283754e+01 -8.732306e+00
1.418380e+01 1.057403e+01
1.222586e+01 -1.028945e+01
1.445660e+01 -7.030178e+00
1.296619e+01 1.076660e+01
-1.112379e+01 8.100798e-01
1.252124e+01 9.138372e+00
1.257536e+01 -8.436545e+00
1.416461e+01 -7.886106e+00
1.306662e+01 -1.083532e+01
1.485608e+01 1.084804e+01
1.355521e+01 8.652487e+00
1.333299e+01 -1.171784e+01
1.380708e+01 -6.896803e+00
-8.205683e+00 2.012564e+00
1.311041e+01 -6.603910e+00
1.309519e+01 -7.250336e+00
1.241220e+01 9.637037e+00
1.399195e+01 -8.613626e+00
1.395425e+01 -1.018029e+01
-8.147059e+00 -2.942916e-01
1.231200e+01 -4.541445e+00
1.198561e+01 -7.661901e+00
1.198317e+01 -5.907976e+00
1.275977e+01 8.808699e+00
1.115482e+01 1.239224e+01
-5.992235e+00 -3.072778e+00
1.236643e+01 -1.118686e+01
1.137799e+01 -9.910551e+00
1.232939e+01 -1.053262e+01
1.163906e+01 1.054970e+01
1.539667e+01 -7.404292e+00
1.198948e+01 -7.880104e+00
1.277406e+01 1.184032e+01
1.127031e+01 8.809771e+00
1.281637e+01 -7.713791e+00
1.251273e+01 -8.418666e+00
1.129648e+01 1.160752e+01
1.201580e+01 -1.082784e+01
1.297073e+01 -7.119863e+00
-8.574939e+00 1.997543e+00
1.199378e+01 8.185919e+00
1.135998e+01 -1.016271e+01
1.212978e+01 -3.328784e+00
-9.920447e+00 3.212231e+00
1.146271e+01 -8.638765e+00
1.245420e+01 -6.747985e+00
1.398060e+01 -6.021274e+00
1.491184e+01 9.577786e+00
-5.212808e+00 1.897595e+00
1.183569e+01 -9.061163e+00
-9.688070e+00 -2.220347e+00
1.310279e+01 1.284701e+01
1.381486e+01 8.988525e+00
1.395605e+01 8.510240e+00
1.523405e+01 -9.536571e+00
1.366464e+01 9.279118e+00
-7.933284e+00 -1.709719e+00
1.273741e+01 9.701048e+00
1.243363e+01 1.012420e+01
1.280999e+01 -5.329211e+00
1.276734e+01 1.014524e+01
1.380226e+01 1.035457e+01
-1.054565e+01 -2.708248e-01
1.102050e+01 8.918663e+00
1.417917e+01 -6.939502e+00
1.108440e+01 -5.946470e+00
1.354592e+01 1.156433e+01
-6.587330e+00 -8.088122e-01
1.191774e+01 -8.629243e+00
-1.129168e+01 -2.248112e+00
1.208701e+01 -9.230728e+00
1.231391e+01 1.013661e+01
-6.646324e+00 2.126951e+00
1.432262e+01 1.049052e+01
1.289085e+01 8.611658e+00
-9.415119e+00 -1.428823e+00
1.182575e+01 -8.566635e+00
1.111559e+01 1.101162e+01
1.266008e+01 1.089246e+01
1.425796e+01 8.544534e+00
1.380412e+01 -1.038566e+01
1.335034e+01 1.035457e+01
1.186293e+01 -9.940410e+00
-1.269048e+01 1.565908e+00
-7.683540e+00 -9.153584e-01
1.312816e+01 -8.152633e+00
1.301176e+01 -1.008192e+01
1.242814e+01 9.480854e+00
1.283446e+01 1.116307e+01
1.360540e+01 -9.104194e+00
1.370575e+01 -9.930889e+00
-9.055377e+00 -5.169665e-01
-7.476005e+00 -4.728181e-01
1.294904e+01 8.512792e+00
1.548088e+01 -6.334010e+00
1.128872e+01 -1.253821e+01
1.379549e+01 -8.690764e+00
-1.022173e+01 -1.206154e+00
1.361768e+01 9.514955e+00
1.350800e+01 9.671769e+00
1.292380e+01 9.453766e+00
-6.399430e+00 -9.863870e-01
1.317459e+01 -7.516483e+00
1.348127e+01 8.368383e+00
1.148870e+01 -8.852343e+00
1.612839e+01 9.935865e+00
1.252560e+01 -8.729792e+00
1.356635e+01 1.121808e+01
1.268752e+01 -1.100071e+01
1.106019e+01 9.248422e+00
1.225842e+01 -7.861296e+00
1.309253e+01 1.117403e+01
1.378440e+01 -1.165222e+01
1.316937e+01 9.671143e+00
1.395918e+01 -8.930707e+00
1.375725e+01 -9.476609e+00
1.263939e+01 -9.323390e+00
1.275898e+01 1.059732e+01
1.283243e+01 -7.204241e+00
1.315070e+01 -6.811065e+00
1.372571e+01 1.070393e+01
1.222300e+01 -7.994006e+00
-1.166982e+01 -1.452207e+00
1.348388e+01 7.834288e+00
1.270659e+01 -1.016058e+01
1.304459e+01 9.991482e+00
1.299466e+01 1.039890e+01
1.327417e+01 1.124722e+01
1.295540e+01 1.103708e+01
1.165679e+01 -7.369898e+00
1.422822e+01 -8.486350e+00
1.249796e+01 -6.848689e+00
1.355713e+01 -8.571542e+00
1.492598e+01 1.040177e+01
1.311441e+01 -7.672890e+00
1.417665e+01 -4.229586e+00
1.223039e+01 9.725126e+00
1.106343e+01 1.040763e+01
1.505603e+01 1.032150e+01
1.505694e+01 1.014691e+01
1.302645e+01 9.190433e+00
1.221944e+01 -9.442436e+00
1.227526e+01 -9.534802e+00
1.371378e+01 -8.683825e+00
-3.531845e+00 -4.195277e+00
1.418177e+01 9.890395e+00
1.540730e+01 -1.065084e+01
1.543022e+01 -9.761801e+00
1.232677e+01 7.748007e+00
1.338456e+01 -1.010040e+01
1.279103e+01 -1.022782e+01
-9.908305e+00 3.607223e-01
-5.913840e+00 -1.964061e-01
1.204893e+01 9.617677e+00
1.309432e+01 -5.820365e+00
1.393608e+01 1.086534e+01
1.164522e+01 8.276438e+00
1.168501e+01 8.033953e+00
1.363776e+01 9.847864e+00
1.283480e+01 -6.206532e+00
1.285134e+01 1.081025e+01
1.261682e+01 8.307338e+00
1.333684e+01 -7.997973e+00
-7.397252e+00 -3.095441e+00
1.238604e+01 -7.670634e+00
1.305137e+01 9.859453e+00
1.385161e+01 9.441031e+00
1.188247e+01 9.906279e+00
1.301937e+01 1.009252e+01
1.258640e+01 -8.377368e+00
1.272419e+01 -9.380452e+00
1.248137e+01 -7.184349e+00
1.538675e+01 -1.141489e+01
-7.138661e+00 -2.140665e+00
-8.853762e+00 -6.874246e-01
1.427575e+01 -7.552742e+00
1.282592e+01 9.895803e+00
1.258275e+01 1.170402e+01
1.416303e+01 1.263075e+01
1.211955e+01 -1.062314e+01
-7.548229e+00 -1.046630e+00
1.272741e+01 -9.763694e+00
1.418095e+01 1.037826e+01
1.305965e+01 -6.896443e+00
1.362363e+01 -8.987070e+00
-7.890858e+00 2.308980e+00
-6.864900e+00 1.253814e+00
-7.015683e+00 -1.971823e+00
1.351760e+01 9.139591e+00
1.423660e+01 -4.748689e+00
-9.321438e+00 -4.771420e+00
-1.024279e+01 -1.457750e+00
1.383165e+01 9.355539e+00
1.274276e+01 9.302650e+00
1.434114e+01 1.118262e+01
-6.954756e+00 1.809558e+00
1.252771e+01 -9.707897e+00
1.317704e+01 -6.567673e+00
-7.938618e+00 5.728011e-01
1.307220e+01 9.713063e+00
1.354853e+01 -1.004180e+01
1.202549e+01 1.111491e+01
1.295011e+01 8.514156e+00
1.190446e+01 -9.952155e+00
1.294513e+01 -1.223480e+01
1.226867e+01 -9.693831e+00
1.230255e+01 -7.123698e+00
1.424498e+01 -8.373857e+00
1.461038e+01 1.060409e+01
1.282135e+01 -1.148031e+01
1.257593e+01 -7.532659e+00
1.305098e+01 -9.208900e+00
-8.272555e+00 5.268203e-01
1.343378e+01 8.456181e+00
1.320892e+01 -8.271933e+00
1.198735e+01 -1.189053e+01
1.278684e+01 1.069664e+01
1.243090e+01 -1.054999e+01
-8.582759e+00 2.900356e+00
1.194154e+01 9.848131e+00
-8.952792e+00 1.502851e+00
1.207902e+01 -8.703350e+00
1.274452e+01 -9.497776e+00
1.427043e+01 9.511762e+00
1.373320e+01 1.025657e+01
1.313273e+01 -8.253105e+00
1.329025e+01 -1.049378e+01
1.499739e+01 -8.065118e+00
1.302997e+01 -6.849600e+00
1.119023e+01 -1.012988e+01
-6.489712e+00 -3.373697e-01
1.403231e+01 -5.970911e+00
1.272092e+01 -9.247137e+00
-8.387786e+00 -1.295224e+00
1.261489e+01 -5.865210e+00
1.323739e+01 1.012834e+01
1.234485e+01 1.076805e+01
1.271704e+01 1.022303e+01
1.336942e+01 -6.966586e+00
1.395731e+01 -4.657987e+00
1.288484e+01 -7.959178e+00
1.338264e+01 -8.638851e+00
1.402231e+01 -5.579152e+00
1.267842e+01 -1.198542e+01
1.261710e+01 -8.612198e+00
1.370572e+01 8.832647e+00
-6.474870e+00 -1.698201e+00
1.275369e+01 -9.488952e+00
1.169938e+01 -9.052902e+00
1.162327e+01 1.184794e+01
1.505891e+01 -7.725800e+00
-9.243973e+00 -3.890113e-01
1.149562e+01 -6.874110e+00
1.275073e+01 -5.436505e+00
1.272768e+01 -5.011555e+00
1.247689e+01 7.691394e+00
1.519385e+01 -8.403727e+00
1.294903e+01 -9.218692e+00
1.195792e+01 -8.671626e+00
-6.705899e+00 1.480485e+00
1.426095e+01 -9.454946e+00
1.351719e+01 -7.114664e+00
1.262765e+01 -5.657642e+00
1.273199e+01 8.372792e+00
1.185038e+01 -8.179404e+00
-8.674182e+00 -4.320927e-01
-5.881314e+00 1.010562e+00
1.169143e+01 -7.190769e+00
1.409749e+01 -9.879228e+00
1.310473e+01 -4.362814e+00
1.120775e+01 -7.920397e+00
1.251291e+01 1.016724e+01
1.374080e+01 -7.077034e+00
1.491343e+01 1.061139e+01
-5.406828e+00 -4.917889e+00
1.414157e+01 9.978038e+00
1.287458e+01 8.954483e+00
1.351771e+01 -7.022247e+00
1.316980e+01 -9.566888e+00
-1.071916e+01 -1.354913e+00
1.368659e+01 -8.287144e+00
1.177435e+01 9.324781e+00
1.236019e+01 -9.497803e+00
1.314298e+01 9.818382e+00
1.408504e+01 9.905873e+00
1.369955e+01 1.176326e+01
1.329692e+01 1.011078e+01
1.388123e+01 -9.619828e+00
1.238563e+01 -7.581309e+00
-8.077280e+00 1.154504e+00
1.373189e+01 -8.596949e+00
1.265733e+01 -7.353006e+00
1.377900e+01 -1.111984e+01
1.407910e+01 9.735609e+00
-6.682463e+00 -1.813705e+00
1.348572e+01 9.769490e+00
1.222973e+01 -6.582935e+00
-5.881172e+00 8.170773e-01
1.366180e+01 1.111583e+01
1.381830e+01 -1.168373e+01
1.334930e+01 -4.708225e+00
-7.463603e+00 -2.661996e-02
1.185748e+01 -8.535114e+00
-8.118069e+00 -7.874116e-01
1.108908e+01 -8.494311e+00
1.497249e+01 -4.113027e+00
-6.904024e+00 1.152192e+00
1.349614e+01 1.009425e+01
1.310046e+01 8.639038e+00
1.140291e+01 1.101380e+01
1.300946e+01 9.853157e+00
1.373446e+01 1.003098e+01
-1.178976e+01 -4.292889e-01
1.369313e+01 -7.478136e+00
1.338785e+01 -9.658947e+00
1.231403e+01 -1.003301e+01
1.374555e+01 -6.886026e+00
-9.148899e+00 1.340722e-01
1.314044e+01 9.771516e+00
-7.358494e+00 2.373947e+00
1.241686e+01 1.148893e+01
-9.134920e+00 -1.777517e+00
1.382079e+01 -9.099843e+00
-8.733374e+00 -4.375328e-01
1.432867e+01 -7.513309e+00
-1.016117e+01 7.963108e-01
1.230988e+01 -6.250458e+00
-8.428496e+00 1.079983e+00
-8.207138e+00 4.056940e+00
1.373827e+01 8.853053e+00
-9.100375e+00 -9.682424e-02
1.198291e+01 -8.975922e+00
1.406574e+01 -8.013508e+00
-9.705533e+00 2.102779e+00
1.336117e+01 -6.985693e+00
1.278098e+01 9.946939e+00
-6.404649e+00 2.271943e-01
-9.597834e+00 2.979910e+00
1.293988e+01 8.145115e+00
-4.923355e+00 -1.068901e+00
1.324902e+01 8.563366e+00
1.261126e+01 8.035733e+00
1.330754e+01 8.464328e+00
1.252350e+01 1.051465e+01
1.222222e+01 -9.287343e+00
1.309466e+01 9.986617e+00
1.131592e+01 8.928197e+00
-7.986514e+00 -1.119990e+00
1.249144e+01 9.144128e+00
1.335347e+01 -5.119714e+00
1.200885e+01 8.927005e+00
-5.265257e+00 3.026554e+00
1.246755e+01 1.193322e+01
1.321170e+01 -6.816939e+00
1.355939e+01 -8.785946e+00
1.370569e+01 -5.516018e+00
1.318808e+01 9.794300e+00
-1.162904e+01 -1.572214e+00
1.122036e+01 1.042916e+01
1.186916e+01 8.620092e+00
1.424638e+01 9.337848e+00
1.215989e+01 1.214231e+01
1.400705e+01 -9.802843e+00
1.339759e+01 1.134034e+01
1.390259e+01 -6.696101e+00
1.099013e+01 9.720024e+00
-9.839883e+00 -3.016799e+00
-1.080388e+01 2.426981e+00
-1.041240e+01 -1.158917e+00
-8.778831e+00 -3.088496e-01
1.322955e+01 -9.029496e+00
-8.916723e+00 -1.394055e+00
-9.728542e+00 7.330234e-01
-1.104697e+01 -1.389667e+00
1.320130e+01 1.070431e+01
1.396345e+01 -6.142737e+00
1.322445e+01 9.418437e+00
1.330756e+01 -9.466766e+00
1.509175e+01 -9.008543e+00
1.256760e+01 -8.630547e+00
-9.296078e+00 -3.754276e-01
1.215671e+01 1.044400e+01
1.347498e+01 9.705252e+00
1.186160e+01 -9.820015e+00
1.135093e+01 7.932180e+00
-5.042711e+00 1.632202e+00
1.371898e+01 8.973950e+00
1.324336e+01 -6.265453e+00
1.256591e+01 -4.577448e+00
-1.205978e+01 -1.483092e+00
1.394942e+01 -6.657872e+00
-1.230699e+01 7.907839e-01
1.348796e+01 -5.524933e+00
-9.942466e+00 3.906270e-01
1.439249e+01 1.035133e+01
1.263689e+01 -9.058881e+00
1.393017e+01 1.104077e+01
1.314904e+01 1.174152e+01
1.169153e+01 -7.893001e+00
1.252870e+01 -7.453897e+00
1.241574e+01 -6.898185e+00
-9.307319e+00 2.014238e+00
1.348553e+01 8.767402e+00
1.364084e+01 -8.044296e+00
1.249979e+01 9.472743e+00
1.342787e+01 -6.442014e+00
1.281337e+01 -1.095135e+01
1.293810e+01 -6.920623e+00
1.275534e+01 9.852785e+00
1.260667e+01 -9.608107e+00
1.405297e+01 -1.078663e+01
-9.376005e+00 -4.399578e+00
1.231661e+01 9.973113e+00
1.367636e+01 9.860243e+00
1.350496e+01 -6.774090e+00
1.321713e+01 8.936422e+00
1.326994e+01 -8.721569e+00
1.327946e+01 9.843740e+00
-6.036292e+00 2.445240e+00
1.390367e+01 1.016749e+01
1.423977e+01 -7.526313e+00
1.401258e+01 -8.638371e+00
1.100268e+01 1.052339e+01
1.329042e+01 1.109570e+01
1.310511e+01 9.962903e+00
1.117633e+01 -6.900919e+00
1.368369e+01 1.003457e+01
-7.274358e+00 2.048645e+00
1.136733e+01 -9.039156e+00
1.202019e+01 -5.029473e+00
-1.036285e+01 -3.323551e+00
-7.572466e+00 1.702891e+00
1.359826e+01 1.039701e+01
1.377040e+01 1.020122e+01
1.428065e+01 -6.179371e+00
1.201436e+01 9.373380e+00
-7.784531e+00 -1.605179e+00
1.398074e+01 1.130016e+01
-1.013153e+01 -2.038376e+00
-8.422295e+00 -2.849762e+00
1.224125e+01 1.146307e+01
1.227084e+01 -8.427568e+00
-8.895893e+00 1.879734e-01
1.278816e+01 1.093221e+01
1.203701e+01 8.365799e+00
1.396039e+01 1.109420e+01
1.290264e+01 9.084415e+00
-6.727727e+00 1.605829e+00
1.232625e+01 -6.851962e+00
1.306379e+01 -8.713041e+00
-6.412313e+00 1.714474e+00
-8.992848e+00 -3.292160e+00
1.208631e+01 -1.099194e+01
-7.738696e+00 -1.492208e+00
1.000209e+01 7.793264e+00
1.121997e+01 1.020585e+01
1.312464e+01 1.006547e+01
1.413980e+01 9.401089e+00
1.449622e+01 8.896327e+00
1.254109e+01 7.735583e+00
-6.022107e+00 -3.294398e-01
1.376389e+01 -8.565499e+00
1.277068e+01 9.764167e+00
-6.677706e+00 -8.014779e-01
1.437067e+01 -6.139111e+00
1.208980e+01 -8.692499e+00
1.399554e+01 -7.420116e+00
1.288487e+01 -9.908521e+00
1.295574e+01 -6.441112e+00
1.365119e+01 8.887963e+00
1.250164e+01 7.836947e+00
1.261863e+01 -8.482489e+00
-7.514022e+00 -6.146126e-01
1.318975e+01 -8.793329e+00
1.280064e+01 1.164988e+01
-6.723237e+00 -1.863381e+00
1.286312e+01 9.807759e+00
1.246772e+01 9.461889e+00
1.253067e+01 1.091319e+01
-1.065572e+01 -2.271439e+00
1.457524e+01 -8.486900e+00
-6.514451e+00 -5.540508e-01
-9.411144e+00 1.622518e+00
1.386133e+01 -8.633551e+00
1.216101e+01 9.967889e+00
1.056219e+01 9.700417e+00
1.173407e+01 1.061191e+01
-9.844873e+00 8.395076e-01
1.453163e+01 -4.226693e+00
1.275420e+01 -8.674978e+00
1.237964e+01 -8.272243e+00
1.310831e+01 -9.152311e+00
1.475787e+01 -9.375195e+00
1.209375e+01 1.258194e+01
1.169108e+01 -9.585747e+00
-9.596907e+00 3.651228e+00
1.298432e+01 8.558726e+00
1.272953e+01 9.380709e+00
1.418698e+01 -7.151777e+00
1.262042e+01 8.799756e+00
1.273519e+01 1.140166e+01
1.294554e+01 1.061892e+01
1.287060e+01 -7.515747e+00
-6.134000e+00 -1.283159e-01
1.254682e+01 1.117380e+01
1.315576e+01 -9.319875e+00
1.466307e+01 1.105989e+01
1.328574e+01 1.098387e+01
1.342382e+01 -9.957103e+00
1.366916e+01 1.060315e+01
1.227479e+01 1.117562e+01
1.185652e+01 1.057264e+01
1.246878e+01 9.511360e+00
1.406233e+01 6.798898e+00
1.230881e+01 1.003469e+01
1.364280e+01 -9.362922e+00
1.336012e+01 -7.831859e+00
1.506079e+01 -9.284740e+00
1.192023e+01 -8.911399e+00
-7.752110e+00 -2.478969e+00
1.177176e+01 -9.170997e+00
1.408101e+01 -7.538107e+00
1.363268e+01 -1.017204e+01
1.271649e+01 1.035845e+01
-3.838237e+00 7.979405e-01
-8.442926e+00 -2.014538e+00
1.317330e+01 -5.476116e+00
-9.158897e+00 1.879554e+00
1.258241e+01 -7.921807e+00
1.179946e+01 1.036161e+01
1.259097e+01 1.067697e+01
-6.899425e+00 -1.348234e+00
1.177756e+01 1.119332e+01
-1.083686e+01 1.947418e-01
1.107147e+01 -6.605955e+00
1.370585e+01 -8.931131e+00
-4.597577e+00 -8.864529e-01
1.379210e+01 1.005572e+01
1.378204e+01 -6.716630e+00
1.499161e+01 -8.176035e+00
-8.936244e+00 3.209993e+00
1.213482e+01 8.509399e+00
1.257783e+01 -5.751637e+00
1.285510e+01 -1.032055e+01
1.322933e+01 9.706957e+00
1.254300e+01 1.054462e+01
1.147400e+01 1.044363e+01
1.328933e+01 -6.013134e+00
-9.950364e+00 1.301168e+00
-5.211277e+00 8.112181e-01
1.169459e+01 7.749395e+00
-4.992696e+00 3.322166e+00
1.270272e+01 1.047881e+01
1.426247e+01 1.091927e+01
1.315454e+01 1.015413e+01
-9.950806e+00 2.138065e+00
-5.341640e+00 1.560328e+00
1.290958e+01 -8.694267e+00
1.459475e+01 7.872261e+00
1.282677e+01 9.263343e+00
1.275083e+01 -9.132092e+00
1.267530e+01 -7.872522e+00
-7.102263e+00 -3.306394e-01
1.349674e+01 -8.885798e+00
-8.908510e+00 -1.637002e+00
1.185572e+01 -6.763290e+00
1.436200e+01 1.234240e+01
1.167911e+01 -6.617049e+00
-7.321508e+00 1.065563e+00
1.420995e+01 -5.065041e+00
-1.060897e+01 -3.374973e+00
1.260126e+01 -9.419406e+00
1.335378e+01 -8.874050e+00
1.350871e+01 -7.704647e+00
-3.931255e+00 -1.040069e+00
1.264085e+01 9.116149e+00
1.299487e+01 -7.134884e+00
-9.562412e+00 -1.020624e+00
1.304385e+01 -6.457350e+00
1.323414e+01 9.367810e+00
1.323999e+01 -1.010312e+01
-8.387564e+00 -1.732700e+00
1.267336e+01 -8.378893e+00
-9.208192e+00 -1.788602e-01
-1.006416e+01 3.095536e-02
1.371864e+01 1.072103e+01
-8.046498e+00 3.219583e+00
1.401623e+01 7.227184e+00
1.460837e+01 9.351395e+00
-9.982422e+00 5.217739e+00
1.334707e+01 -1.076678e+01
1.410920e+01 1.133887e+01
1.427522e+01 1.129388e+01
1.221212e+01 9.648489e+00
1.223230e+01 9.671014e+00
1.192404e+01 9.225253e+00
-6.909050e+00 3.631398e-01
-4.462297e+00 3.354716e-01
1.210624e+01 1.105842e+01
1.218109e+01 1.145738e+01
1.256821e+01 1.115570e+01
1.253159e+01 -1.150831e+01
-9.924073e+00 3.403296e-01
1.286004e+01 1.021494e+01
-1.191075e+01 1.952863e+00
1.292543e+01 1.176379e+01
1.268636e+01 1.003347e+01
1.352399e+01 1.112698e+01
1.324042e+01 1.007493e+01
1.368626e+01 9.665481e+00
1.341727e+01 1.017884e+01
1.360190e+01 -8.676590e+00
-9.427217e+00 3.173821e+00
1.182963e+01 8.738342e+00
1.241076e+01 -5.355368e+00
1.372512e+01 1.116921e+01
1.232877e+01 -8.926808e+00
1.363982e+01 9.598530e+00
1.259934e+01 1.134230e+01
-6.976087e+00 -9.899087e-01
1.404674e+01 -9.277132e+00
1.326588e+01 -5.276027e+00
1.355620e+01 1.159340e+01
1.314641e+01 -8.360971e+00
1.287750e+01 1.003243e+01
1.297702e+01 -7.012753e+00
1.427389e+01 1.069003e+01
1.273261e+01 9.915588e+00
1.377653e+01 8.003000e+00
1.222644e+01 -4.545062e+00
1.250350e+01 9.131536e+00
-7.725809e+00 -3.736532e+00
-1.186098e+01 -1.343397e-02
1.380872e+01 1.111165e+01
1.337535e+01 1.084429e+01
-9.208126e+00 -3.219643e+00
-9.159557e+00 -2.735079e-02
1.317664e+01 -9.670681e+00
1.093336e+01 -8.229644e+00
1.389821e+01 -5.982095e+00
1.207240e+01 9.741669e+00
-8.060024e+00 -4.481480e-01
1.364148e+01 1.116583e+01
1.421903e+01 -1.059439e+01
1.399744e+01 1.172844e+01
-8.564495e+00 4.568204e-01
1.128078e+01 1.032313e+01
1.377292e+01 -8.724900e+00
-9.408268e+00 -1.795326e-03
1.143959e+01 1.102625e+01
1.282218e+01 -4.261631e+00
-8.209700e+00 -4.002398e+00
1.251775e+01 -7.416877e+00
1.268689e+01 9.558703e+00
1.388669e+01 9.787746e+00
1.404787e+01 1.025779e+01
1.351242e+01 -6.739794e+00
1.290003e+01 1.040543e+01
1.468142e+01 1.055890e+01
1.287937e+01 1.045563e+01
1.318794e+01 9.241238e+00
1.385560e+01 1.082902e+01
1.222528e+01 1.013535e+01
1.213389e+01 -1.019305e+01
-5.805854e+00 1.221026e+00
1.199226e+01 9.721579e+00
-6.128093e+00 -9.708257e-01
1.314780e+01 -9.661843e+00
-1.063855e+01 -2.260099e+00
1.356219e+01 -5.444502e+00
-1.030333e+01 5.320594e-01
1.266639e+01 8.968062e+00
1.191839e+01 -6.411918e+00
1.245489e+01 -9.669099e+00
1.251137e+01 8.323684e+00
1.175655e+01 -6.552690e+00
-7.243020e+00 -5.059608e+00
-6.840534e+00 -2.691081e+00
1.143229e+01 -7.256676e+00
1.370333e+01 -7.911813e+00
1.253946e+01 -8.365530e+00
-9.471287e+00 -6.585623e-01
1.130481e+01 -6.171708e+00
1.454287e+01 1.121385e+01
1.282636e+01 -1.150599e+01
1.225524e+01 1.139742e+01
1.197175e+01 -9.598038e+00
1.227950e+01 -3.286071e+00
1.273816e+01 9.320784e+00
1.375623e+01 -9.202234e+00
1.304695e+01 1.029191e+01
1.358046e+01 9.346427e+00
-6.087603e+00 1.571780e+00
1.326122e+01 -9.187975e+00
1.255083e+01 8.913548e+00
1.311355e+01 -7.574136e+00
1.196513e+01 1.041903e+01
1.254652e+01 1.141767e+01
1.282074e+01 8.096163e+00
1.276360e+01 -7.062113e+00
1.334464e+01 -9.049432e+00
1.259963e+01 -7.223312e+00
1.442307e+01 -8.550128e+00
1.486405e+01 -8.920250e+00
1.219455e+01 -1.105519e+01
-1.024022e+01 7.897464e-02
1.231991e+01 9.781829e+00
1.324796e+01 -6.027859e+00
1.029135e+01 1.154483e+01
1.240977e+01 8.771202e+00
1.421016e+01 -7.754297e+00
1.336147e+01 8.224821e+00
1.496524e+01 -7.406160e+00
1.134520e+01 -9.978845e+00
1.275033e+01 -5.348500e+00
1.189694e+01 1.150866e+01
9.926168e+00 1.058322e+01
-6.442411e+00 -3.439175e+00
1.283450e+01 1.008383e+01
1.346178e+01 -7.822315e+00
1.539069e+01 1.072535e+01
1.063145e+01 1.165541e+01
1.267059e+01 1.006694e+01
1.219852e+01 9.723589e+00
1.281963e+01 -9.963471e+00
1.272776e+01 -4.617574e+00
-1.120978e+01 -1.634367e+00
1.401399e+01 1.000014e+01
-6.783450e+00 1.633063e+00
-5.149276e+00 -5.245848e-01
1.216197e+01 -8.413696e+00
1.217903e+01 9.145469e+00
1.315468e+01 -5.967319e+00
1.556960e+01 9.954870e+00
1.316847e+01 9.814692e+00
1.229154e+01 -7.174156e+00
1.330711e+01 7.956883e+00
1.397030e+01 -7.703477e+00
1.402498e+01 8.848379e+00
-6.385025e+00 -4.295869e+00
1.191663e+01 1.102450e+01
1.365086e+01 7.625759e+00
1.300157e+01 1.051670e+01
-9.089940e+00 2.536356e+00
1.359498e+01 1.017760e+01
1.507591e+01 -8.136965e+00
1.203825e+01 -2.014242e+00
1.375393e+01 9.809389e+00
1.454717e+01 -7.595022e+00
1.300832e+01 -4.955714e+00
1.170625e+01 -6.369385e+00
1.204090e+01 -8.563537e+00
1.315488e+01 1.169533e+01
1.228524e+01 1.225520e+01
-8.821472e+00 1.131050e+00
1.327721e+01 1.092449e+01
1.388508e+01 1.011117e+01
1.093414e+01 9.846709e+00
1.481566e+01 -7.602072e+00
1.184225e+01 9.686537e+00
1.161726e+01 1.009575e+01
-8.784551e+00 1.181317e+00
1.389046e+01 -7.216795e+00
1.321717e+01 1.015588e+01
1.217929e+01 -5.748884e+00
-1.102315e+01 -3.498682e+00
1.253966e+01 -1.136504e+01
1.195107e+01 -9.513564e+00
1.328626e+01 8.927203e+00
1.409241e+01 1.019192e+01
-6.757319e+00 3.034144e+00
-9.134741e+00 -1.758505e+00
1.302316e+01 8.906824e+00
-1.077814e+01 1.293535e+00
1.187065e+01 -8.085520e+00
-7.696148e+00 2.351351e+00
1.160064e+01 -8.225848e+00
1.239656e+01 1.033404e+01
1.308383e+01 9.004559e+00
1.258309e+01 -8.091276e+00
1.328399e+01 -8.770146e+00
1.413830e+01 -9.068825e+00
1.413500e+01 9.602656e+00
-1.162552e+01 2.825380e+00
1.460290e+01 -1.082544e+01
1.409163e+01 -6.981453e+00
-1.142378e+01 -2.540343e+00
1.397464e+01 -8.610428e+00
1.179168e+01 -9.066862e+00
1.296720e+01 -6.148147e+00
1.311957e+01 8.762591e+00
-9.651185e+00 -1.549591e+00
1.411264e+01 -7.224859e+00
1.315804e+01 9.291365e+00
1.356702e+01 -7.680511e+00
1.424007e+01 -4.202225e+00
1.145119e+01 1.143105e+01
1.221222e+01 -8.065384e+00
1.352203e+01 9.644865e+00
1.369249e+01 1.028321e+01
1.288220e+01 1.176696e+01
1.272753e+01 -6.809359e+00
1.099852e+01 1.102340e+01
1.363579e+01 7.671604e+00
1.319032e+01 1.192242e+01
1.342564e+01 1.059709e+01
1.484091e+01 8.120524e+00
-5.881302e+00 -5.325318e-01
1.323386e+01 1.125386e+01
1.136464e+01 -1.149342e+01
1.291872e+01 1.032463e+01
1.394881e+01 1.026955e+01
1.325201e+01 -8.030641e+00
1.280045e+01 8.456223e+00
1.365143e+01 -9.332338e+00
-4.584443e+00 -4.941669e+00
1.461429e+01 8.168105e+00
1.220234e+01 1.082686e+01
1.290761e+01 1.004028e+01
1.352687e+01 -5.977592e+00
1.231188e+01 -1.134808e+01
1.168058e+01 -5.716758e+00
1.297561e+01 8.418554e+00
1.325602e+01 9.521161e+00
1.331447e+01 -8.598364e+00
1.231109e+01 -7.596228e+00
1.431029e+01 -8.000379e+00
-1.030293e+01 -2.172693e+00
1.282574e+01 -1.080243e+01
1.214539e+01 -1.009432e+01
1.449080e+01 1.112908e+01
1.270696e+01 -9.256275e+00
1.397951e+01 1.139931e+01
-9.174786e+00 1.348778e-01
1.424666e+01 -4.770827e+00
1.461091e+01 9.539264e+00
1.503341e+01 1.026942e+01
-7.196825e+00 1.031898e+00
1.129114e+01 -7.252279e+00
1.364405e+01 -6.711118e+00
1.298953e+01 9.474828e+00
1.273411e+01 -7.590239e+00
-1.068427e+01 6.198344e-01
1.411860e+01 -5.541857e+00
1.106882e+01 1.106946e+01
1.318171e+01 1.134344e+01
1.187753e+01 -7.783264e+00
-6.180177e+00 6.875586e-01
1.250033e+01 -7.309554e+00
-8.840737e+00 2.037784e+00
1.240602e+01 -1.016754e+01
-9.704293e+00 -1.953156e+00
-6.893886e+00 6.335001e-01
1.148035e+01 1.096757e+01
1.187528e+01 1.030043e+01
-9.344150e+00 8.841243e-01
1.258450e+01 -8.382661e+00
1.351655e+01 -7.156188e+00
1.181261e+01 -5.998548e+00
1.169954e+01 -9.174747e+00
1.279621e+01 -8.670941e+00
1.352029e+01 8.721397e+00
1.265622e+01 -8.375415e+00
-1.263087e+01 1.157225e+00
-9.887048e+00 -9.349703e-01
1.315465e+01 -1.041788e+01
1.238410e+01 -5.637382e+00
1.274567e+01 -6.596671e+00
1.307432e+01 9.362366e+00
1.244838e+01 1.005172e+01
1.180293e+01 9.817875e+00
1.369070e+01 1.054874e+01
1.222959e+01 1.080918e+01
-8.230281e+00 -2.208484e+00
1.372714e+01 -7.466966e+00
1.247941e+01 1.100576e+01
1.214621e+01 -8.135669e+00
1.382044e+01 -7.629543e+00
-1.105148e+01 1.504557e-01
1.390006e+01 -7.475671e+00
1.306570e+01 -8.706368e+00
1.179311e+01 9.881659e+00
1.224998e+01 1.030829e+01
1.432721e+01 -1.113575e+01
-7.062144e+00 2.536499e+00
1.404036e+01 -6.571728e+00
-6.355495e+00 3.778447e+00
1.379015e+01 1.089545e+01
1.250717e+01 1.019054e+01
-8.896309e+00 -5.637536e-01
1.201483e+01 -6.513207e+00
1.329241e+01 9.227243e+00
1.241895e+01 -9.463679e+00
1.201877e+01 -6.296467e+00
1.248782e+01 -9.310141e+00
-5.821244e+00 1.596010e+00
1.243483e+01 -7.902165e+00
1.409173e+01 1.020282e+01
1.404851e+01 -6.744979e+00
-8.426461e+00 4.478565e-01
-9.036786e+00 3.268535e-01
-7.979977e+00 -4.802400e-01
1.511125e+01 -9.046469e+00
1.474758e+01 1.126395e+01
1.314735e+01 -8.557245e+00
1.237231e+01 1.091107e+01
1.365152e+01 -7.337823e+00
1.265803e+01 -9.493625e+00
1.263007e+01 -4.037898e+00
1.141050e+01 9.318746e+00
1.479566e+01 9.163807e+00
1.061118e+01 1.039471e+01
-5.705191e+00 2.093124e+00
-6.986239e+00 -2.477702e+00
1.267341e+01 -8.367560e+00
1.328463e+01 -8.041083e+00
1.192008e+01 -7.308861e+00
1.427129e+01 -5.800674e+00
-7.080688e+00 3.308025e+00
1.534594e+01 -7.305563e+00
-8.074247e+00 -2.812623e-01
-6.179674e+00 2.006960e-01
1.323641e+01 1.124336e+01
1.414470e+01 9.426509e+00
1.227766e+01 -4.500139e+00
1.417846e+01 -9.990471e+00
1.421184e+01 -1.053881e+01
1.390575e+01 1.014082e+01
-6.458705e+00 -3.009031e+00
-4.182686e+00 3.706716e-01
1.435967e+01 -5.304631e+00
-6.584911e+00 2.039908e+00
1.140460e+01 9.837312e+00
1.366458e+01 -3.713902e+00
1.171594e+01 -7.866783e+00
1.236617e+01 9.179749e+00
1.378077e+01 -1.010862e+01
1.230743e+01 -8.634246e+00
1.322928e+01 -7.362926e+00
1.347314e+01 -6.669648e+00
1.382076e+01 9.366873e+00
-7.011041e+00 1.020555e+00
1.372397e+01 1.177335e+01
1.209750e+01 -1.073037e+01
1.157351e+01 -7.358006e+00
1.444145e+01 -7.270973e+00
1.410911e+01 -6.645499e+00
1.220354e+01 9.870964e+00
1.181557e+01 1.120050e+01
1.203785e+01 9.278137e+00
1.322205e+01 1.054353e+01
1.348274e+01 1.159314e+01
-9.670367e+00 -1.507685e+00
-5.805589e+00 1.418753e+00
1.295495e+01 8.704302e+00
1.197075e+01 1.140139e+01
1.396009e+01 1.000705e+01
1.414129e+01 -7.482829e+00
-1.030851e+01 5.999152e+00
-6.534072e+00 8.865658e-01
1.377788e+01 1.091899e+01
1.313008e+01 1.110635e+01
1.316630e+01 -7.901520e+00
1.270127e+01 8.535184e+00
1.100259e+01 1.172288e+01
1.414317e+01 9.142773e+00
-9.643144e+00 7.847889e-01
-8.774738e+00 2.625223e+00
-7.255372e+00 1.150814e+00
1.283742e+01 1.132960e+01
1.248753e+01 -7.140189e+00
-7.004819e+00 5.627656e-01
1.180989e+01 -8.336357e+00
1.284306e+01 8.483359e+00
1.249706e+01 1.059257e+01
1.396750e+01 1.096581e+01
1.442112e+01 9.211578e+00
1.249474e+01 1.000039e+01
1.196208e+01 -5.789368e+00
-5.973300e+00 2.102013e-02
1.081552e+01 -6.350030e+00
1.402691e+01 -9.153724e+00
1.424337e+01 -1.124014e+01
1.364014e+01 -6.566944e+00
1.279022e+01 9.344813e+00
1.221855e+01 -8.510661e+00
1.423109e+01 -8.911149e+00
1.217602e+01 8.747989e+00
-7.611606e+00 2.942473e+00
1.378544e+01 -8.042121e+00
1.588792e+01 1.044041e+01
1.379399e+01 -8.047819e+00
1.256358e+01 -9.930401e+00
1.351194e+01 8.635010e+00
-2.519254e+00 -1.958599e+00
1.282568e+01 -8.674028e+00
1.080294e+01 -9.037103e+00
1.298976e+01 -1.172209e+01
-5.748374e+00 -3.424329e+00
1.356774e+01 -6.567874e+00
1.377957e+01 1.098154e+01
1.363763e+01 9.949358e+00
1.327332e+01 9.787259e+00
1.380474e+01 8.917732e+00
-5.884873e+00 1.393095e+00
1.212034e+01 -9.696292e+00
1.314569e+01 1.035161e+01
1.128490e+01 1.005557e+01
1.238684e+01 -9.451362e+00
1.223277e+01 9.683048e+00
1.148988e+01 -9.560127e+00
1.334492e+01 1.060129e+01
1.306458e+01 1.185431e+01
-7.636439e+00 1.228503e+00
1.429065e+01 -6.370293e+00
1.191550e+01 8.934427e+00
1.127548e+01 -8.111040e+00
-6.513299e+00 -1.404335e+00
1.261626e+01 -6.146016e+00
1.433162e+01 -7.862703e+00
1.275162e+01 -4.401652e+00
-5.077059e+00 -2.408885e+00
-9.128097e+00 -1.504937e+00
1.330649e+01 9.229781e+00
1.276435e+01 1.028424e+01
-8.304734e+00 1.011398e+00
1.462607e+01 -1.181974e+01
1.206851e+01 -4.361106e+00
1.031638e+01 -8.249751e+00
1.324324e+01 9.364835e+00
1.315255e+01 -7.187982e+00
1.374482e+01 -7.824425e+00
1.436071e+01 -4.072475e+00
-7.769055e+00 -8.917112e-01
1.219173e+01 1.057270e+01
1.326249e+01 1.023172e+01
1.193505e+01 1.084097e+01
1.220389e+01 8.689518e+00
1.213865e+01 9.998766e+00
1.137279e+01 -1.019443e+01
1.219231e+01 1.151761e+01
-8.942839e+00 -1.367776e+00
1.281990e+01 -9.773670e+00
1.301526e+01 -6.077577e+00
1.391433e+01 -8.216377e+00
1.370891e+01 8.836699e+00
1.307985e+01 -7.266743e+00
1.390662e+01 -6.705977e+00
1.301501e+01 1.000350e+01
1.388820e+01 1.190498e+01
-7.411146e+00 -1.895493e-01
-7.694345e+00 1.680209e+00
1.268768e+01 -9.468713e+00
1.326163e+01 -6.584959e+00
1.100297e+01 8.641854e+00
-8.728236e+00 -1.221648e+00
1.187175e+01 -1.187820e+01
1.554278e+01 -8.075322e+00
1.410379e+01 -8.554711e+00
1.379403e+01 8.881195e+00
1.293704e+01 -8.470773e+00
1.284768e+01 -8.622510e+00
-7.849609e+00 -8.647679e-02
1.323534e+01 9.939463e+00
1.193057e+01 -9.456916e+00
1.281677e+01 1.045605e+01
-5.969860e+00 1.874587e+00
1.277163e+01 -6.228059e+00
-1.078847e+01 1.240674e+00
1.287262e+01 -8.431061e+00
1.368494e+01 -7.993431e+00
1.292703e+01 9.814022e+00
9.982865e+00 -8.203132e+00
1.270325e+01 -9.517259e+00
1.400950e+01 -1.015776e+01
1.314893e+01 -8.816283e+00
-5.882976e+00 2.387910e+00
1.207326e+01 -6.179925e+00
-9.104666e+00 -1.725347e+00
1.244038e+01 1.049873e+01
-6.831456e+00 -4.883474e+00
-6.212377e+00 2.133221e+00
1.117243e+01 9.644904e+00
1.266393e+01 8.630971e+00
1.219544e+01 -9.488291e+00
-9.502040e+00 -2.509120e+00
1.462555e+01 -5.721234e+00
1.392619e+01 9.934684e+00
1.437231e+01 1.038515e+01
1.367046e+01 -5.667218e+00
1.242900e+01 -5.723383e+00
1.365409e+01 -6.448867e+00
1.496433e+01 9.236485e+00
1.423618e+01 8.512962e+00
1.409223e+01 1.058110e+01
-7.052973e+00 3.853553e+00
1.389339e+01 -6.517992e+00
-9.267797e+00 1.060584e+00
-6.263617e+00 -1.828962e+00
1.265301e+01 1.050572e+01
-1.056601e+01 -3.647878e+00
1.363467e+01 8.592485e+00
1.290701e+01 -8.538697e+00
1.194816e+01 -5.289967e+00
1.361159e+01 1.163334e+01
1.257831e+01 -7.311609e+00
1.355645e+01 7.176389e+00
1.240276e+01 1.045432e+01
1.332335e+01 1.155623e+01
1.422551e+01 1.144619e+01
1.552670e+01 1.210235e+01
1.405866e+01 8.221377e+00
1.358992e+01 9.774133e+00
1.335374e+01 -7.006156e+00
1.336677e+01 1.087310e+01
1.356944e+01 -1.042015e+01
1.471629e+01 -9.449851e+00
1.260709e+01 -5.870818e+00
1.411299e+01 8.762106e+00
1.105917e+01 -8.727412e+00
1.173738e+01 1.124323e+01
1.166409e+01 -7.198097e+00
1.182309e+01 9.330314e+00
1.324674e+01 -8.095905e+00
1.289758e+01 8.609258e+00
-5.897685e+00 2.264889e+00
1.260165e+01 8.227701e+00
1.239687e+01 9.655563e+00
1.207803e+01 -1.352212e+01
1.050179e+01 -7.859309e+00
1.173928e+01 8.995396e+00
1.317417e+01 -1.229501e+01
1.281676e+01 9.322561e+00
1.429166e+01 9.065169e+00
1.354575e+01 1.037534e+01
1.326710e+01 1.112101e+01
1.380848e+01 1.059878e+01
1.052822e+01 9.744866e+00
-1.050403e+01 2.187050e+00
-6.415264e+00 1.165220e+00
-4.117188e+00 -2.372067e+00
-9.430250e+00 -1.689935e+00
-4.983831e+00 1.337432e+00
1.393769e+01 9.564449e+00
1.226389e+01 -9.966620e+00
1.195652e+01 -1.005415e+01
1.370960e+01 9.162250e+00
1.155046e+01 -6.952297e+00
1.206343e+01 8.991784e+00
1.425282e+01 1.020973e+01
1.277090e+01 9.510279e+00
1.105862e+01 1.121653e+01
1.125034e+01 1.062815e+01
1.217160e+01 1.104306e+01
1.303278e+01 1.076330e+01
1.212782e+01 -8.260834e+00
1.422961e+01 -6.595705e+00
1.278923e+01 1.206647e+01
1.109214e+01 -7.556067e+00
1.109759e+01 1.040586e+01
1.117219e+01 9.916213e+00
1.400611e+01 -8.585872e+00
1.368140e+01 -9.038484e+00
1.356607e+01 -9.561019e+00
-7.638758e+00 2.808122e+00
1.328714e+01 1.051988e+01
1.084821e+01 -8.021111e+00
1.494456e+01 -9.838881e+00
-7.487387e+00 7.613063e-01
1.302137e+01 1.141572e+01
1.309873e+01 1.022557e+01
1.333533e+01 1.158000e+01
1.509856e+01 -7.434112e+00
1.183271e+01 1.000766e+01
1.518353e+01 1.129766e+01
1.313704e+01 1.207343e+01
1.252375e+01 1.160479e+01
1.218340e+01 9.114177e+00
-9.796799e+00 4.884247e-01
-9.175184e+00 8.671633e-01
1.201320e+01 -7.131364e+00
1.116529e+01 1.002278e+01
1.227963e+01 -7.669535e+00
1.354747e+01 -7.761103e+00
-5.843347e+00 3.276639e+00
1.377767e+01 -7.979407e+00
-4.250201e+00 6.950295e-01
1.189866e+01 -4.482943e+00
1.284311e+01 -1.317331e+01
1.260926e+01 -4.044038e+00
-8.137063e+00 -1.039982e-01
1.168661e+01 8.804182e+00
1.198458e+01 -6.073534e+00
1.240291e+01 1.016369e+01
1.140014e+01 -5.160438e+00
1.203399e+01 1.061869e+01
1.221350e+01 -8.781163e+00
1.372924e+01 9.999306e+00
1.335819e+01 7.794161e+00
1.134767e+01 -3.955195e+00
1.295917e+01 1.005507e+01
1.387755e+01 9.834235e+00
1.193647e+01 9.749410e+00
1.298766e+01 -6.227909e+00
-1.075301e+01 -1.004477e+00
1.422310e+01 1.069990e+01
1.342142e+01 -7.788005e+00
1.415876e+01 8.552960e+00
1.222517e+01 -9.506189e+00
-1.026994e+01 9.043275e-01
1.239572e+01 9.086734e+00
-6.204906e+00 1.836710e-01
1.219976e+01 -7.670041e+00
1.355950e+01 1.149149e+01
1.320913e+01 9.902760e+00
1.373619e+01 -7.221819e+00
1.516567e+01 -7.150203e+00
1.179761e+01 -6.828878e+00
1.413122e+01 1.081392e+01
1.233839e+01 -1.026630e+01
1.363524e+01 -8.824845e+00
-6.380555e+00 -1.053087e+00
1.281287e+01 -6.990841e+00
-8.124885e+00 -8.078313e-01
1.320262e+01 -7.903545e+00
-7.962766e+00 -2.129898e+00
1.351747e+01 -6.273228e+00
1.263688e+01 -9.624771e+00
1.298445e+01 1.000326e+01
1.397702e+01 1.042969e+01
1.324731e+01 -8.179426e+00
-7.040793e+00 -6.114255e+00
1.396072e+01 -9.594797e+00
-8.445152e+00 -6.358993e-01
-1.159142e+01 -4.425851e-01
1.159972e+01 -7.348350e+00
1.296983e+01 -8.087091e+00
1.408171e+01 -7.686943e+00
-6.706066e+00 -2.401786e+00
1.400864e+01 1.159603e+01
1.282658e+01 -5.473389e+00
1.290574e+01 9.997211e+00
1.195686e+01 1.112860e+01
1.277370e+01 9.196291e+00
1.278415e+01 -7.787066e+00
1.326410e+01 8.239204e+00
1.478671e+01 9.880633e+00
-5.175941e+00 6.703165e-01
1.450685e+01 9.644809e+00
1.385568e+01 -6.733672e+00
1.389374e+01 -9.168185e+00
1.249109e+01 1.093238e+01
1.444107e+01 1.153199e+01
1.408009e+01 9.280825e+00
-1.195398e+01 -1.545021e+00
1.320004e+01 -6.919189e+00
1.404914e+01 -3.935525e+00
-2.831821e+00 -8.432950e-01
1.380491e+01 9.824558e+00
-9.131777e+00 1.145820e+00
-1.071574e+01 -1.293747e+00
-7.231869e+00 4.059623e+00
1.310563e+01 -7.568827e+00
1.164223e+01 -7.821473e+00
1.267823e+01 8.889492e+00
1.166453e+01 8.628320e+00
-9.945914e+00 -3.271220e+00
1.295450e+01 1.108212e+01
1.385802e+01 1.009092e+01
1.240625e+01 1.234841e+01
1.283599e+01 -8.889677e+00
-9.108101e+00 6.116165e-01
1.230059e+01 8.802302e+00
-9.418733e+00 -7.861409e-01
1.549922e+01 -7.652547e+00
1.167111e+01 1.068269e+01
1.326546e+01 1.106269e+01
1.340997e+01 -8.173121e+00
1.262835e+01 9.185976e+00
1.310114e+01 -9.496899e+00
1.309147e+01 -5.087633e+00
-5.538943e+00 3.744909e+00
-8.695009e+00 8.138859e-01
1.396282e+01 -1.107288e+01
1.320125e+01 -5.721810e+00
1.375626e+01 -9.670122e+00
1.342614e+01 -9.459330e+00
1.374329e+01 -5.537018e+00
1.156527e+01 -8.496189e+00
1.298767e+01 -8.277515e+00
-9.343866e+00 -2.627237e-01
1.296709e+01 9.443314e+00
1.271474e+01 9.100450e+00
1.462223e+01 -8.713775e+00
1.332968e+01 9.649283e+00
1.231105e+01 1.019766e+01
-7.422775e+00 7.322517e-01
1.216150e+01 -8.196543e+00
1.266907e+01 -7.556594e+00
-3.898368e+00 9.290173e-01
1.313240e+01 9.932325e+00
-4.720234e+00 -3.517062e-01
1.411583e+01 -9.731208e+00
1.154832e+01 -7.814914e+00
1.392381e+01 8.889562e+00
1.426193e+01 1.129858e+01
-7.363246e+00 2.643357e+00
1.374030e+01 -7.341605e+00
1.188004e+01 -9.589288e+00
1.324576e+01 -1.028372e+01
1.222336e+01 9.983504e+00
-6.348461e+00 -2.329194e+00
1.357091e+01 -1.068242e+01
1.097726e+01 -4.271829e+00
1.256746e+01 9.501297e+00
1.340027e+01 -9.180122e+00
1.282220e+01 1.113742e+01
1.322330e+01 -5.996522e+00
1.249662e+01 1.054800e+01
1.306924e+01 1.375972e+01
-4.606420e+00 8.603256e-01
1.241211e+01 -8.224389e+00
1.131700e+01 -9.328195e+00
1.280890e+01 -7.555809e+00
1.270553e+01 -7.629610e+00
1.174289e+01 9.628478e+00
-6.005353e+00 -5.901481e-01
-1.035130e+01 -3.777741e+00
-7.597741e+00 -2.232487e+00
1.219329e+01 -8.628604e+00
1.283211e+01 1.040852e+01
1.276536e+01 -4.816168e+00
1.173316e+01 -7.797794e+00
1.173395e+01 -1.118783e+01
1.154544e+01 9.102839e+00
1.313560e+01 -4.995156e+00
-9.449295e+00 1.120525e+00
1.282331e+01 9.946591e+00
1.352970e+01 9.421340e+00
1.402958e+01 9.371974e+00
-8.583605e+00 2.195388e+00
1.133444e+01 -8.673573e+00
1.258206e+01 1.119423e+01
-1.104209e+01 -4.569156e-02
1.349015e+01 1.001859e+01
-6.253417e+00 -4.866492e-01
1.370357e+01 1.157198e+01
1.327176e+01 9.667683e+00
1.305188e+01 1.034205e+01
1.183834e+01 1.279767e+01
1.165002e+01 -6.818142e+00
1.302801e+01 -7.554364e+00
1.359266e+01 -9.968946e+00
1.430580e+01 9.002046e+00
-4.400056e+00 -1.786464e+00
1.260974e+01 9.285875e+00
1.498253e+01 1.017843e+01
1.308238e+01 -1.246648e+01
1.224184e+01 9.673409e+00
1.385840e+01 9.497006e+00
1.287877e+01 -5.459408e+00
1.203392e+01 -7.689394e+00
1.223145e+01 9.807082e+00
1.356978e+01 9.255096e+00
-5.817095e+00 -4.464639e-02
1.414348e+01 8.100364e+00
1.405958e+01 -9.102943e+00
1.412494e+01 9.584929e+00
1.295817e+01 -1.089357e+01
1.314618e+01 -6.091526e+00
1.375778e+01 -8.138343e+00
1.333689e+01 -1.010020e+01
1.348774e+01 1.128233e+01
1.325920e+01 -7.550279e+00
1.326899e+01 -7.770289e+00
1.297398e+01 -4.449156e+00
1.337179e+01 -5.665175e+00
1.132159e+01 1.032734e+01
1.199829e+01 -9.619644e+00
1.162566e+01 8.729798e+00
1.406558e+01 -8.880054e+00
1.323314e+01 -1.046389e+01
1.267949e+01 7.701127e+00
1.279480e+01 -1.004862e+01
1.398139e+01 1.079880e+01
1.338115e+01 9.456198e+00
1.454704e+01 -7.733268e+00
1.247523e+01 -7.325095e+00
1.367064e+01 1.046749e+01
-8.956399e+00 -1.887929e+00
1.325964e+01 8.478351e+00
1.242205e+01 8.781749e+00
1.531789e+01 -8.323870e+00
1.272689e+01 9.615878e+00
1.187428e+01 7.887526e+00
1.101484e+01 -7.270413e+00
1.284554e+01 1.128403e+01
1.597189e+01 -7.687659e+00
1.155231e+01 1.053849e+01
1.366270e+01 1.004713e+01
1.422735e+01 -9.317499e+00
1.135535e+01 -7.571197e+00
1.417034e+01 -9.202934e+00
1.346258e+01 9.048998e+00
1.225644e+01 1.105280e+01
1.159623e+01 -7.245480e+00
1.176953e+01 -1.011060e+01
-1.053553e+01 1.693623e+00
1.183157e+01 8.232091e+00
-7.501055e+00 2.093078e-01
1.358594e+01 -9.869795e+00
1.238902e+01 -8.139211e+00
1.364354e+01 1.034089e+01
1.124801e+01 1.024427e+01
1.337356e+01 9.541688e+00
1.418069e+01 1.118343e+01
1.245197e+01 -5.725225e+00
1.147960e+01 1.012741e+01
-6.549083e+00 -2.305026e+00
1.394451e+01 1.064495e+01
1.443172e+01 -7.411703e+00
1.090948e+01 -9.081487e+00
1.308710e+01 -7.463455e+00
1.230678e+01 -5.036287e+00
1.319149e+01 9.139937e+00
-1.099461e+01 -1.446010e-01
1.300064e+01 1.052710e+01
1.294676e+01 1.203051e+01
1.264509e+01 9.428774e+00
1.314922e+01 -6.958288e+00
-8.079053e+00 5.197946e-01
-9.097159e+00 -1.005482e+00
1.274449e+01 1.162610e+01
1.089488e+01 1.002427e+01
1.397937e+01 1.037630e+01
1.444004e+01 -8.401114e+00
1.287753e+01 -6.085025e+00
1.285486e+01 9.814079e+00
1.304199e+01 -1.016025e+01
1.302779e+01 -9.204906e+00
1.289940e+01 9.231636e+00
1.197880e+01 9.894811e+00
1.374603e+01 1.246621e+01
-1.086512e+01 -2.824896e+00
1.476941e+01 1.107803e+01
1.296292e+01 -8.485576e+00
-4.974583e+00 2.223523e+00
1.270836e+01 9.493617e+00
1.370643e+01 -1.198961e+01
-1.020564e+01 -1.480084e+00
1.345657e+01 -4.907278e+00
1.294621e+01 9.813065e+00
1.294751e+01 -6.509879e+00
1.418171e+01 -6.535902e+00
1.300119e+01 1.019252e+01
1.188031e+01 9.550118e+00
1.225103e+01 -9.960813e+00
1.244007e+01 9.390901e+00
1.304229e+01 9.465883e+00
1.338013e+01 -9.753781e+00
1.158655e+01 9.881283e+00
1.258297e+01 -1.032599e+01
1.285115e+01 1.018834e+01
1.260701e+01 -7.708551e+00
1.183034e+01 -4.879008e+00
1.411853e+01 -8.253153e+00
1.357403e+01 7.452055e+00
1.424987e+01 9.314168e+00
1.380668e+01 9.493923e+00
1.020657e+01 1.116752e+01
1.394109e+01 8.698132e+00
1.378049e+01 1.095284e+01
-4.407040e+00 -3.393015e+00
1.387402e+01 9.723414e+00
-7.665865e+00 -2.829167e+00
1.265183e+01 1.008592e+01
-6.905428e+00 -1.812996e+00
1.443413e+01 -7.797364e+00
1.244222e+01 8.512705e+00
1.400274e+01 1.104837e+01
1.572384e+01 9.280462e+00
-1.054208e+01 -3.383108e+00
1.243505e+01 -6.658234e+00
-7.501630e+00 8.189877e-01
1.348092e+01 -7.950173e+00
1.453060e+01 -9.030925e+00
1.220844e+01 -7.524550e+00
1.106230e+01 -1.040828e+01
1.209505e+01 1.144920e+01
1.290448e+01 6.676605e+00
1.251883e+01 -7.318257e+00
1.331870e+01 9.920343e+00
-5.138250e+00 1.917492e+00
1.219947e+01 -7.578586e+00
-8.469657e+00 -1.836244e+00
-1.026385e+01 2.121175e+00
1.445498e+01 -8.377686e+00
1.177167e+01 1.035487e+01
-7.327867e+00 1.099425e+00
-7.806099e+00 -1.294765e+00
1.288090e+01 -8.061383e+00
1.088788e+01 -5.820128e+00
1.253670e+01 1.065872e+01
1.208382e+01 1.108371e+01
1.325073e+01 -4.201350e+00
-5.259171e+00 -2.116717e+00
1.354839e+01 8.409961e+00
1.365678e+01 1.182921e+01
1.164168e+01 1.039217e+01
1.086387e+01 -6.528671e+00
1.383280e+01 1.039621e+01
1.312855e+01 -5.991928e+00
1.335375e+01 -5.423541e+00
-6.431001e+00 -2.536906e+00
1.290767e+01 9.184726e+00
1.331769e+01 -7.340434e+00
1.290136e+01 1.011641e+01
-1.127281e+01 -3.022032e+00
1.273410e+01 -9.840939e+00
1.297676e+01 9.683232e+00
1.174307e+01 -7.303447e+00
1.305421e+01 -4.519158e+00
-8.936995e+00 1.101277e+00
1.169679e+01 -8.519281e+00
1.293356e+01 9.632163e+00
-4.696470e+00 1.480290e+00
1.224837e+01 -9.328039e+00
-2.787642e+00 1.372578e+00
1.346009e+01 1.055032e+01
1.528824e+01 1.162695e+01
1.313725e+01 -6.620887e+00
1.261859e+01 -1.122412e+01
1.344584e+01 8.327456e+00
1.441135e+01 9.246183e+00
1.202084e+01 8.884546e+00
1.293315e+01 1.140264e+01
1.288129e+01 1.014414e+01
1.338449e+01 -9.628127e+00
-7.905398e+00 -1.396593e+00
1.287534e+01 -1.302944e+01
1.306277e+01 1.124180e+01
1.369676e+01 9.510820e+00
1.289528e+01 1.147197e+01
1.327586e+01 1.015105e+01
1.410829e+01 -6.272326e+00
1.380891e+01 8.579185e+00
-6.311094e+00 2.595895e+00
1.508384e+01 -9.163951e+00
1.466649e+01 -7.197545e+00
1.206764e+01 -7.119966e+00
1.521344e+01 -7.772211e+00
1.182357e+01 1.048421e+01
1.072081e+01 1.257748e+01
-4.162883e+00 -2.702658e+00
1.098850e+01 -9.057758e+00
1.369107e+01 9.716035e+00
-1.059144e+01 1.898243e+00
-9.824436e+00 4.137837e-01
1.368679e+01 9.352637e+00
1.347586e+01 -6.086154e+00
1.421835e+01 -6.147388e+00
1.428229e+01 -8.543358e+00
1.393761e+01 -9.550447e+00
1.039576e+01 -7.873163e+00
1.495044e+01 -8.121100e+00
-5.223507e+00 -3.722266e+00
-5.559519e+00 1.237774e+00
1.325330e+01 1.061648e+01
1.280619e+01 1.000833e+01
1.296992e+01 9.774220e+00
1.357991e+01 -6.771209e+00
-5.201524e+00 9.939405e-01
1.262016e+01 9.960847e+00
1.099725e+01 8.004226e+00
-1.010938e+01 1.662819e+00
1.266841e+01 9.113478e+00
1.205468e+01 -1.189341e+01
1.197057e+01 -6.560588e+00
1.398721e+01 -8.560459e+00
1.511274e+01 -1.289537e+01
1.282160e+01 8.609832e+00
1.298333e+01 8.568829e+00
1.418376e+01 -7.685757e+00
1.457596e+01 9.698606e+00
1.544755e+01 -8.807025e+00
-8.299325e+00 -2.749825e+00
1.268634e+01 -7.338037e+00
-1.091571e+01 -2.317881e-01
1.396788e+01 9.486350e+00
1.202141e+01 8.876719e+00
1.293102e+01 8.817562e+00
1.295429e+01 9.770766e+00
-4.746778e+00 1.415408e+00
1.309046e+01 -7.170418e+00
1.214923e+01 -1.331812e+01
1.389015e+01 -4.538712e+00
1.135208e+01 -5.115713e+00
1.315726e+01 -9.116999e+00
1.236979e+01 1.106766e+01
1.266287e+01 -5.961420e+00
1.395843e+01 9.704444e+00
1.383435e+01 9.263866e+00
1.323772e+01 -9.362983e+00
1.324088e+01 1.033320e+01
1.345197e+01 -5.814852e+00
1.286795e+01 -5.578762e+00
1.330969e+01 -9.860369e+00
1.199622e+01 -9.734971e+00
1.352516e+01 -7.790156e+00
-7.534252e+00 -6.427377e-01
-1.231872e+01 1.483840e+00
1.305283e+01 9.183387e+00
1.378777e+01 9.491098e+00
-1.049582e+01 2.875308e+00
1.306076e+01 9.431428e+00
1.205362e+01 9.270028e+00
1.376815e+01 -1.013764e+01
1.383120e+01 -5.929488e+00
1.439979e+01 8.895993e+00
-9.297983e+00 1.350245e+00
1.441514e+01 -7.959624e+00
1.451499e+01 1.241486e+01
1.379286e+01 -9.791240e+00
1.506978e+01 -8.357370e+00
1.271415e+01 -5.133584e+00
-7.095511e+00 3.204488e-01
-6.066080e+00 -8.540307e-01
1.335620e+01 1.105080e+01
1.299411e+01 -9.489028e+00
1.184505e+01 1.064748e+01
1.546653e+01 -1.158154e+01
1.209224e+01 -8.464504e+00
1.520593e+01 -5.587013e+00
-9.061895e+00 -1.325882e+00
1.230742e+01 8.472446e+00
1.367674e+01 1.097975e+01
-7.154148e+00 -2.027274e-01
1.155378e+01 -1.001593e+01
1.312246e+01 -9.208218e+00
1.528039e+01 -7.846635e+00
-8.604366e+00 9.369238e-01
-7.732587e+00 -1.828549e-01
-7.635865e+00 1.617260e+00
1.358927e+01 -3.340745e+00
1.259611e+01 -7.704761e+00
-7.569305e+00 -1.309130e+00
1.441215e+01 -7.508201e+00
-9.825824e+00 3.554780e-01
1.283879e+01 -6.653708e+00
1.246401e+01 -4.532315e+00
1.437328e+01 1.048112e+01
1.161770e+01 1.049644e+01
1.425999e+01 -8.257429e+00
1.209064e+01 8.261860e+00
1.254913e+01 -9.548998e+00
1.415974e+01 1.072814e+01
1.104628e+01 -7.817221e+00
-4.749873e+00 -2.810268e+00
1.425128e+01 -8.243194e+00
-1.038897e+01 -4.111910e-01
1.413532e+01 9.425743e+00
1.357622e+01 -5.144331e+00
1.221379e+01 -7.115482e+00
1.241446e+01 9.602915e+00
1.294745e+01 -9.728568e+00
1.324105e+01 1.144305e+01
1.356689e+01 -7.434332e+00
1.233577e+01 9.181916e+00
1.470216e+01 1.014523e+01
1.305355e+01 -7.136127e+00
-9.645133e+00 9.569913e-01
1.280040e+01 9.302051e+00
1.086647e+01 1.083055e+01
1.199539e+01 -6.279570e+00
1.196277e+01 1.047157e+01
1.357403e+01 1.062284e+01
1.287540e+01 9.672209e+00
1.210914e+01 8.276677e+00
1.371306e+01 -1.016288e+01
1.219336e+01 -1.030692e+01
1.235402e+01 1.039100e+01
1.344144e+01 1.094796e+01
1.311097e+01 -6.437522e+00
1.168294e+01 -5.458305e+00
1.181386e+01 9.040676e+00
1.360535e+01 -9.882552e+00
1.298368e+01 9.414665e+00
1.439340e+01 -9.997803e+00
1.207040e+01 8.924871e+00
1.260393e+01 -7.856243e+00
1.357633e+01 9.641342e+00
-1.001529e+01 -9.214113e-01
1.339716e+01 9.378021e+00
1.203649e+01 -1.042946e+01
1.341697e+01 -8.318282e+00
9.435635e+00 -9.461465e+00
1.360333e+01 1.048859e+01
1.308599e+01 1.037197e+01
1.453580e+01 -5.971498e+00
-9.627810e+00 1.567015e+00
1.379379e+01 9.714069e+00
1.199684e+01 1.136505e+01
1.222667e+01 1.015510e+01
1.085097e+01 9.028659e+00
1.270455e+01 -7.553735e+00
1.418678e+01 -7.013278e+00
1.362426e+01 -5.332295e+00
1.395686e+01 1.047485e+01
1.319292e+01 -9.080887e+00
1.299370e+01 9.421241e+00
1.505242e+01 9.220054e+00
1.384613e+01 1.033629e+01
1.289947e+01 -6.826327e+00
1.418120e+01 -8.767435e+00
1.140265e+01 -6.437236e+00
1.240794e+01 -1.034330e+01
-1.078804e+01 3.418930e-01
-7.381829e+00 -3.317101e+00
1.119142e+01 -1.018055e+01
1.382449e+01 -7.907927e+00
-4.070371e+00 -4.615626e+00
1.352027e+01 9.806363e+00
-8.185836e+00 -1.054840e+00
1.213918e+01 -7.073614e+00
1.347930e+01 -7.958430e+00
1.179009e+01 9.848653e+00
1.181412e+01 1.023583e+01
1.365395e+01 1.114222e+01
1.400400e+01 1.183700e+01
-4.997081e+00 2.301232e+00
1.315382e+01 -7.952349e+00
1.293282e+01 9.634618e+00
1.220449e+01 9.008829e+00
1.317268e+01 -1.207044e+01
-8.331772e+00 1.158022e+00
1.260376e+01 -8.185840e+00
1.132875e+01 1.055923e+01
1.196205e+01 9.555631e+00
1.156639e+01 -7.229178e+00
1.275214e+01 -5.677569e+00
1.430353e+01 9.322101e+00
1.398706e+01 1.171593e+01
-8.814798e+00 -2.290595e+00
1.366206e+01 1.008188e+01
1.448525e+01 9.223500e+00
1.342478e+01 -1.123150e+01
1.286048e+01 -8.154710e+00
1.428976e+01 9.542904e+00
1.192366e+01 8.376718e+00
-1.072895e+01 -2.542669e+00
1.071146e+01 -7.899281e+00
1.416580e+01 1.069185e+01
1.270132e+01 -7.899923e+00
1.190677e+01 -7.639163e+00
1.282103e+01 -6.576839e+00
1.220644e+01 -6.153541e+00
1.088263e+01 9.854744e+00
1.261240e+01 9.067488e+00
1.201287e+01 1.037958e+01
1.292167e+01 1.005318e+01
1.445276e+01 -5.651989e+00
1.382822e+01 -9.094874e+00
1.322847e+01 1.047419e+01
1.427739e+01 7.688887e+00
1.377437e+01 9.840427e+00
1.453285e+01 8.883096e+00
1.309034e+01 -5.243817e+00
1.264515e+01 -8.569255e+00
1.188974e+01 -8.378494e+00
-1.122942e+01 -1.374218e+00
1.313253e+01 -6.578465e+00
1.232025e+01 -5.987158e+00
1.175120e+01 -1.070348e+01
-9.373360e+00 -2.766738e+00
1.271592e+01 -1.053104e+01
-9.983144e+00 -5.483827e-01
1.382217e+01 1.181845e+01
1.350287e+01 9.699829e+00
1.378720e+01 -8.559251e+00
-7.604089e+00 7.394027e-01
1.175910e+01 -7.351861e+00
1.273888e+01 -6.555051e+00
1.192233e+01 8.642120e+00
1.110867e+01 -9.873196e+00
-6.217092e+00 -5.496805e-01
1.302877e+01 -1.070862e+01
1.287055e+01 9.304100e+00
1.423366e+01 -1.002025e+01
1.305615e+01 1.060855e+01
-8.908414e+00 3.685367e+00
1.367427e+01 -8.159580e+00
1.195759e+01 -6.856833e+00
1.482552e+01 1.071198e+01
1.295730e+01 1.003173e+01
1.392955e+01 1.028617e+01
1.395258e+01 -9.877038e+00
1.383322e+01 -9.204666e+00
-8.004980e+00 9.911219e-01
1.398512e+01 9.303840e+00
1.226096e+01 -9.014336e+00
1.259481e+01 -6.067968e+00
1.244173e+01 -6.832765e+00
1.301359e+01 1.058488e+01
-7.908007e+00 -2.245591e+00
1.375041e+01 -6.072728e+00
1.250358e+01 1.012753e+01
1.457158e+01 1.015311e+01
1.253916e+01 -7.231779e+00
1.363762e+01 1.013791e+01
1.235321e+01 1.014179e+01
-6.726112e+00 3.154755e+00
1.358111e+01 9.813626e+00
1.291471e+01 9.071283e+00
1.154257e+01 1.013648e+01
1.391949e+01 7.943639e+00
1.244177e+01 9.465936e+00
1.141201e+01 -8.960447e+00
-7.355807e+00 -5.380982e+00
1.323695e+01 -6.666949e+00
-1.039142e+01 1.215939e+00
1.237117e+01 9.248626e+00
1.324301e+01 1.018036e+01
-1.046522e+01 -9.843083e-01
1.381178e+01 -8.759695e+00
1.324700e+01 1.036736e+01
1.162134e+01 8.298340e+00
1.196603e+01 9.202923e+00
1.226255e+01 9.137838e+00
-1.042131e+01 9.939981e-01
1.519905e+01 -4.493550e+00
1.150314e+01 9.744290e+00
1.353080e+01 1.121177e+01
1.350597e+01 -6.496351e+00
1.324606e+01 9.689441e+00
1.200183e+01 1.015309e+01
1.164850e+01 -5.569911e+00
1.163689e+01 -7.874483e+00
1.306966e+01 1.079642e+01
-8.572744e+00 -3.389590e+00
1.259178e+01 -6.657951e+00
-7.551644e+00 2.474377e+00
1.271588e+01 9.425948e+00
1.298564e+01 -7.396915e+00
1.204116e+01 -1.135816e+01
1.334118e+01 1.228270e+01
1.355766e+01 -7.121122e+00
1.418873e+01 1.008437e+01
1.330539e+01 -7.977169e+00
-7.387888e+00 -3.455656e-01
1.130003e+01 -9.291991e+00
1.278454e+01 -7.061891e+00
1.170770e+01 -1.191064e+01
1.230929e+01 7.978624e+00
1.222080e+01 -8.419510e+00
-1.048656e+01 8.350321e-01
1.306861e+01 9.542755e+00
1.358662e+01 -7.583065e+00
1.592774e+01 8.184948e+00
-7.496822e+00 1.138721e+00
1.235973e+01 -1.017317e+01
1.261718e+01 8.494139e+00
1.251230e+01 1.149853e+01
1.210414e+01 -1.049734e+01
1.263684e+01 -7.266308e+00
1.318395e+01 -6.552205e+00
1.213237e+01 -8.938859e+00
1.348513e+01 -6.784956e+00
1.336226e+01 -7.510070e+00
1.387572e+01 -9.386152e+00
1.357013e+01 -7.781747e+00
1.207861e+01 9.106174e+00
1.363603e+01 -1.093416e+01
1.111555e+01 -7.706127e+00
1.313668e+01 -9.188936e+00
1.259010e+01 -1.044866e+01
1.181568e+01 9.856324e+00
1.687973e+01 1.002856e+01
1.309024e+01 9.708521e+00
1.180891e+01 8.238801e+00
1.159771e+01 8.972694e+00
1.365303e+01 1.093231e+01
1.319483e+01 -9.939098e+00
1.220484e+01 9.421798e+00
1.293083e+01 -7.961107e+00
1.203931e+01 1.127967e+01
1.394822e+01 1.074893e+01
1.089636e+01 -8.457829e+00
1.167914e+01 -6.494463e+00
1.223715e+01 -5.542417e+00
-9.421743e+00 -5.898952e-01
-5.726917e+00 6.791193e-01
1.277237e+01 9.645461e+00
1.189781e+01 -3.347888e+00
1.360809e+01 -4.445042e+00
1.306244e+01 1.043916e+01
1.231446e+01 1.031427e+01
1.212944e+01 -1.077168e+01
-4.155225e+00 2.006082e+00
-6.559644e+00 -9.340046e-01
1.188422e+01 1.207784e+01
-1.095515e+01 2.010328e+00
1.432519e+01 -7.916480e+00
1.239435e+01 -5.281145e+00
-8.777687e+00 1.633872e+00
1.246037e+01 9.263285e+00
1.290628e+01 1.170091e+01
1.245839e+01 -1.148882e+01
-9.525493e+00 3.305482e-01
1.345210e+01 9.339496e+00
1.368014e+01 -6.583004e+00
1.301615e+01 8.596835e+00
1.484241e+01 -8.338948e+00
1.398849e+01 9.643117e+00
-9.593761e+00 4.214931e+00
-8.297081e+00 5.414858e-01
1.347591e+01 8.615017e+00
1.320863e+01 -8.456915e+00
-7.668239e+00 -3.578139e-01
1.383071e+01 -5.718185e+00
1.058668e+01 1.078546e+01
-9.738531e+00 8.894093e-01
1.237259e+01 -6.716754e+00
-9.865957e+00 -2.640817e+00
-6.600953e+00 4.746232e+00
1.192356e+01 -4.810117e+00
1.382791e+01 -7.740471e+00
1.345152e+01 9.218996e+00
1.339545e+01 9.953313e+00
1.380813e+01 -6.969679e+00
1.221046e+01 -9.199153e+00
1.301305e+01 8.439988e+00
1.211688e+01 -5.309356e+00
1.082723e+01 -6.098028e+00
1.342287e+01 1.153376e+01
1.267065e+01 9.370871e+00
1.344420e+01 1.026968e+01
1.379617e+01 9.275830e+00
1.188397e+01 -7.164823e+00
1.303980e+01 -9.556413e+00
-5.000940e+00 2.054904e-01
1.350851e+01 8.620033e+00
1.252024e+01 -9.263377e+00
-8.112096e+00 -1.211960e+00
1.418859e+01 -8.330950e+00
1.237588e+01 -7.821486e+00
1.353672e+01 -6.163963e+00
1.354857e+01 8.864950e+00
1.422569e+01 9.665224e+00
1.154779e+01 1.077544e+01
1.158009e+01 -9.244354e+00
1.409168e+01 1.069881e+01
1.349192e+01 9.666329e+00
1.357887e+01 9.803231e+00
1.411633e+01 9.060847e+00
1.375627e+01 -9.523378e+00
-9.105500e+00 -2.150565e+00
1.397249e+01 -3.773316e+00
1.381226e+01 -7.526574e+00
-7.195294e+00 -1.974359e+00
1.369684e+01 -7.010933e+00
-9.638889e+00 3.414150e-01
1.222830e+01 -5.575341e+00
1.356296e+01 -9.254734e+00
-6.247583e+00 2.603638e+00
-8.693254e+00 2.189882e+00
1.211235e+01 -7.416482e+00
1.119328e+01 9.305082e+00
1.417811e+01 -4.708360e+00
1.404640e+01 9.996350e+00
-1.109653e+01 6.694237e-01
-8.148392e+00 -3.911985e-01
1.136381e+01 1.190467e+01
1.363513e+01 -7.597463e+00
-9.239031e+00 -1.399845e+00
1.333373e+01 8.538750e+00
1.303795e+01 7.650265e+00
1.185177e+01 -7.185766e+00
1.342568e+01 8.222920e+00
1.316859e+01 1.039133e+01
1.250875e+01 -5.873681e+00
1.399597e+01 8.258350e+00
1.264623e+01 8.855467e+00
1.190876e+01 1.129090e+01
1.248889e+01 -6.202377e+00
1.308692e+01 -6.913830e+00
1.415523e+01 7.940290e+00
-1.149403e+01 5.693814e-01
1.264763e+01 1.128912e+01
-1.058775e+01 3.841864e+00
1.344400e+01 8.455512e+00
-9.926377e+00 7.950737e-01
-5.225184e+00 -6.614991e-01
-9.610471e+00 1.138508e+00
-6.161363e+00 -2.420762e+00
1.247219e+01 -5.812932e+00
1.246214e+01 -6.930875e+00
-9.142957e+00 -3.078686e+00
-6.923441e+00 -1.511516e+00
1.101222e+01 -7.360810e+00
1.395027e+01 -3.264151e+00
1.267444e+01 1.069344e+01
1.203010e+01 9.045172e+00
1.186871e+01 8.748324e+00
1.192941e+01 8.341327e+00
1.358647e+01 8.865216e+00
1.219317e+01 9.672545e+00
1.307324e+01 -1.018826e+01
-6.236399e+00 9.050749e-01
1.284254e+01 -9.650356e+00
1.165651e+01 -1.178730e+01
1.316775e+01 -7.140975e+00
1.159068e+01 -1.068161e+01
1.393389e+01 8.950108e+00
1.412863e+01 -8.435793e+00
1.261257e+01 -9.494637e+00
-6.447654e+00 2.803491e+00
1.320169e+01 9.692577e+00
1.246787e+01 -9.490638e+00
1.329882e+01 9.502855e+00
-8.245790e+00 2.435486e+00
1.286713e+01 -8.640993e+00
-3.726530e+00 -2.948994e+00
1.293652e+01 1.059234e+01
1.378343e+01 9.034239e+00
1.234441e+01 -7.294643e+00
1.262538e+01 9.842251e+00
1.114886e+01 -7.364119e+00
1.112785e+01 1.010815e+01
1.246765e+01 9.783363e+00
1.081455e+01 8.897879e+00
1.262096e+01 9.972012e+00
1.207208e+01 -8.330020e+00
1.217975e+01 1.093069e+01
1.397023e+01 1.035141e+01
1.265219e+01 1.061738e+01
1.323403e+01 8.381635e+00
1.445348e+01 1.137458e+01
1.433453e+01 -7.805750e+00
1.239021e+01 1.167284e+01
1.228768e+01 -6.031611e+00
1.366416e+01 -8.766778e+00
1.302941e+01 -7.603535e+00
1.382576e+01 -6.636006e+00
1.313688e+01 -6.298756e+00
1.211933e+01 -5.948190e+00
-1.114177e+01 1.408480e+00
1.237605e+01 9.293937e+00
1.228348e+01 6.896608e+00
1.258772e+01 -8.263776e+00
-5.935051e+00 -3.138359e-01
1.376787e+01 -1.012914e+01
1.376361e+01 -6.208570e+00
1.389225e+01 -9.324324e+00
1.346886e+01 -9.237511e+00
1.277993e+01 -7.888646e+00
1.395497e+01 -9.620326e+00
1.374084e+01 -9.583625e+00
1.358158e+01 -8.657961e+00
-5.177411e+00 1.429490e+00
1.280879e+01 1.073138e+01
1.396689e+01 9.786326e+00
1.212338e+01 -9.444116e+00
-1.062589e+01 2.355497e+00
1.213509e+01 -8.948971e+00
1.349529e+01 -7.113067e+00
1.301819e+01 9.935120e+00
1.282965e+01 -5.941106e+00
-8.666622e+00 -9.663578e-01
1.325510e+01 1.133465e+01
1.523227e+01 -6.269366e+00
1.200911e+01 8.478673e+00
1.421559e+01 1.098373e+01
1.229940e+01 -9.966802e+00
1.269760e+01 1.091113e+01
1.380378e+01 -6.731641e+00
1.286262e+01 9.925865e+00
1.220505e+01 1.115399e+01
1.222312e+01 8.530298e+00
1.266465e+01 -9.435716e+00
-5.918633e+00 1.653174e+00
1.404046e+01 -5.861702e+00
-9.355690e+00 -4.104154e-02
1.427611e+01 -8.015514e+00
1.146779e+01 -9.809947e+00
1.266071e+01 1.154647e+01
1.273939e+01 1.036968e+01
1.264771e+01 9.500385e+00
1.387236e+01 -5.694548e+00
-6.623677e+00 1.811543e+00
1.287524e+01 1.106929e+01
-1.004122e+01 -1.241901e+00
1.341394e+01 -1.042042e+01
1.288772e+01 1.143905e+01
1.312247e+01 -1.149139e+01
1.397535e+01 -8.257028e+00
1.171575e+01 -8.268305e+00
1.303530e+01 -1.119247e+01
1.337547e+01 -8.255719e+00
1.375159e+01 -8.615352e+00
1.363575e+01 1.173897e+01
1.282531e+01 8.326208e+00
-1.092146e+01 -1.424124e+00
1.197311e+01 -3.481797e+00
1.271278e+01 -1.072722e+01
1.381154e+01 -7.484854e+00
1.331389e+01 9.226118e+00
1.302149e+01 1.149122e+01
1.273968e+01 -9.355709e+00
1.284433e+01 1.042717e+01
-8.528052e+00 5.345113e-02
1.358346e+01 -4.705121e+00
1.305671e+01 9.805117e+00
1.402539e+01 1.082685e+01
1.333147e+01 1.259500e+01
-8.229775e+00 5.687948e-02
1.452961e+01 1.043560e+01
1.223149e+01 1.075357e+01
1.322407e+01 -4.368442e+00
-7.503752e+00 8.881304e-01
-6.760532e+00 2.843942e+00
1.241302e+01 -7.605375e+00
1.374319e+01 -8.063635e+00
-9.933349e+00 -3.580382e-01
1.311048e+01 8.042933e+00
1.207797e+01 -8.578978e+00
1.276707e+01 1.046535e+01
1.339458e+01 9.998854e+00
1.215925e+01 -1.061664e+01
-9.467332e+00 1.193560e+00
-1.043801e+01 -1.162090e+00
1.320454e+01 -6.258269e+00
-9.149013e+00 -5.669279e-01
1.429053e+01 1.043337e+01
1.415978e+01 -8.607442e+00
-5.052943e+00 1.507107e+00
1.117964e+01 -8.806998e+00
1.432875e+01 1.040362e+01
1.308722e+01 9.970942e+00
1.294342e+01 -8.587542e+00
1.145661e+01 -8.706002e+00
1.265230e+01 -6.969327e+00
1.256375e+01 -5.955046e+00
1.292609e+01 1.074883e+01
-5.300053e+00 -1.345275e-01
1.384192e+01 -1.150477e+01
-8.489088e+00 -1.744304e+00
1.391707e+01 1.065260e+01
1.290851e+01 9.104839e+00
1.296188e+01 9.527248e+00
1.212016e+01 1.023427e+01
1.305867e+01 1.118035e+01
-8.780471e+00 4.005236e+00
1.224503e+01 -6.459558e+00
1.195596e+01 1.016518e+01
1.302608e+01 1.021448e+01
1.308127e+01 -6.431658e+00
1.322880e+01 -6.535570e+00
1.362234e+01 9.924472e+00
1.347874e+01 -6.105052e+00
1.268264e+01 9.502274e+00
1.185327e+01 -3.326318e+00
1.493600e+01 8.612174e+00
1.194930e+01 1.053308e+01
-5.547512e+00 3.060464e+00
-4.711089e+00 4.922196e-01
1.225498e+01 1.051390e+01
1.273186e+01 -8.990695e+00
1.289731e+01 -7.610466e+00
1.257883e+01 -8.573220e+00
1.293371e+01 -9.034130e+00
1.342458e+01 -6.055930e+00
1.198767e+01 8.308093e+00
-4.563749e+00 -4.167637e+00
-1.017252e+01 -5.126405e-01
1.178559e+01 8.615704e+00
1.467844e+01 -7.250971e+00
1.375064e+01 8.571896e+00
-8.901188e+00 -2.847842e+00
1.202740e+01 -8.211464e+00
1.317055e+01 -8.040280e+00
1.224545e+01 7.238333e+00
1.370761e+01 -7.844858e+00
1.403907e+01 1.214045e+01
1.279675e+01 9.969801e+00
1.412778e+01 7.942036e+00
-1.120263e+01 -8.551911e-01
1.324872e+01 -6.185030e+00
-8.872654e+00 -9.798419e-01
1.277203e+01 9.920146e+00
1.330524e+01 -7.397441e+00
-8.753886e+00 1.821237e+00
1.233553e+01 1.171382e+01
1.251314e+01 -9.207048e+00
1.173974e+01 -9.610183e+00
1.311683e+01 9.416275e+00
1.337482e+01 -9.531601e+00
1.448180e+01 -6.844836e+00
1.275300e+01 1.094920e+01
-9.819101e+00 -2.369987e-01
1.429717e+01 -8.643609e+00
1.456931e+01 -8.051747e+00
1.392907e+01 -1.141621e+01
1.250943e+01 -8.923214e+00
1.367518e+01 1.001986e+01
-7.141212e+00 -3.456881e+00
-4.643488e+00 3.419997e-01
1.486412e+01 -6.533834e+00
1.289085e+01 1.188191e+01
1.277941e+01 -8.292031e+00
1.341200e+01 -5.540459e+00
1.305930e+01 -7.067564e+00
-7.110295e+00 1.092453e+00
1.358190e+01 9.924809e+00
1.277745e+01 -4.565017e+00
1.242237e+01 1.088708e+01
1.211499e+01 -6.290317e+00
-6.912209e+00 -1.331428e+00
1.320813e+01 -1.091540e+01
1.408897e+01 -1.259897e+01
1.357963e+01 -8.833477e+00
1.349576e+01 -5.666874e+00
1.522953e+01 -4.041617e+00
1.272398e+01 -5.095276e+00
1.443277e+01 9.829697e+00
1.425160e+01 -8.257696e+00
1.380740e+01 -9.215544e+00
1.334588e+01 1.104276e+01
-7.489341e+00 -3.413957e+00
-8.168597e+00 7.251161e-03
1.351938e+01 -6.602342e+00
-7.837194e+00 2.832113e+00
-8.637808e+00 2.319418e+00
1.162945e+01 9.268391e+00
1.332844e+01 -9.281268e+00
1.235984e+01 1.113943e+01
1.311260e+01 -8.181356e+00
1.281239e+01 -9.938737e+00
1.431670e+01 8.842843e+00
-7.949833e+00 -1.808931e+00
1.231302e+01 1.038618e+01
1.331912e+01 8.832991e+00
1.236440e+01 -9.108857e+00
1.514619e+01 1.162974e+01
1.300758e+01 -1.213710e+01
1.230307e+01 -8.212493e+00
1.179843e+01 -7.680019e+00
1.132537e+01 -8.317779e+00
1.243853e+01 -7.143074e+00
1.494032e+01 7.665365e+00
-4.603175e+00 -2.208845e+00
1.226468e+01 -1.153493e+01
-9.808867e+00 -1.330804e+00
1.265619e+01 -7.673516e+00
1.195142e+01 1.183130e+01
1.432768e+01 -6.549605e+00
1.318593e+01 -8.073710e+00
1.345422e+01 8.525800e+00
1.249173e+01 -6.978078e+00
1.394317e+01 9.104066e+00
1.356111e+01 -5.379432e+00
-3.001717e+00 -1.461969e+00
1.413642e+01 -5.913581e+00
-7.608095e+00 1.609761e+00
1.388094e+01 -9.752988e+00
1.165650e+01 -9.954158e+00
1.180147e+01 1.013153e+01
1.238660e+01 -9.450025e+00
-8.157749e+00 -1.286845e+00
1.231086e+01 -7.753246e+00
1.307057e+01 -7.768483e+00
1.009643e+01 9.597038e+00
-4.545149e+00 4.270768e+00
1.306024e+01 -7.121042e+00
1.265709e+01 1.022120e+01
-8.906928e+00 2.617206e+00
-8.878403e+00 7.693714e-01
1.192969e+01 -1.031950e+01
1.262338e+01 -7.367426e+00
1.335256e+01 9.561635e+00
1.334327e+01 -8.949482e+00
1.217224e+01 9.975532e+00
1.466227e+01 -6.644834e+00
1.355531e+01 1.099215e+01
1.300848e+01 -5.393579e+00
-7.097952e+00 -4.141375e+00
